0.0100000000000000	0.00870000000000000
0.0200000000000000	0.00880000000000000
0.0300000000000000	0.0102000000000000
0.0400000000000000	0.0122000000000000
0.0500000000000000	0.00940000000000000
0.0600000000000000	0.00820000000000000
0.0700000000000000	0.00850000000000000
0.0800000000000000	0.00990000000000000
0.0900000000000000	0.0106000000000000
0.100000000000000	0.0125000000000000
0.110000000000000	0.0125000000000000
0.120000000000000	0.00990000000000000
0.130000000000000	0.00860000000000000
0.140000000000000	0.00780000000000000
0.150000000000000	0.00830000000000000
0.160000000000000	0.0108000000000000
0.170000000000000	0.0118000000000000
0.180000000000000	0.0109000000000000
0.190000000000000	0.00960000000000000
0.200000000000000	0.00970000000000000
0.210000000000000	0.00850000000000000
0.220000000000000	0.0102000000000000
0.230000000000000	0.0114000000000000
0.240000000000000	0.0132000000000000
0.250000000000000	0.0133000000000000
0.260000000000000	0.0126000000000000
0.270000000000000	0.0115000000000000
0.280000000000000	0.00860000000000000
0.290000000000000	0.0116000000000000
0.300000000000000	0.0135000000000000
0.310000000000000	0.0131000000000000
0.320000000000000	0.0128000000000000
0.330000000000000	0.0129000000000000
0.340000000000000	0.0114000000000000
0.350000000000000	0.0140000000000000
0.360000000000000	0.0142000000000000
0.370000000000000	0.0148000000000000
0.380000000000000	0.0141000000000000
0.390000000000000	0.0126000000000000
0.400000000000000	0.0110000000000000
0.410000000000000	0.0125000000000000
0.420000000000000	0.0137000000000000
0.430000000000000	0.0123000000000000
0.440000000000000	0.00970000000000000
0.450000000000000	0.00860000000000000
0.460000000000000	0.0100000000000000
0.470000000000000	0.0130000000000000
0.480000000000000	0.0118000000000000
0.490000000000000	0.0113000000000000
0.500000000000000	0.00780000000000000
0.510000000000000	0.00760000000000000
0.520000000000000	0.00620000000000000
0.530000000000000	0.00810000000000000
0.540000000000000	0.00670000000000000
0.550000000000000	0.00660000000000000
0.560000000000000	0.00430000000000000
0.570000000000000	0.00300000000000000
0.580000000000000	0.00130000000000000
0.590000000000000	0.00270000000000000
0.600000000000000	0.00420000000000000
0.610000000000000	0.00290000000000000
0.620000000000000	0.00260000000000000
0.630000000000000	0.00350000000000000
0.640000000000000	0.00160000000000000
0.650000000000000	0.000500000000000000
0.660000000000000	-0.00160000000000000
0.670000000000000	-0.00220000000000000
0.680000000000000	0.00170000000000000
0.690000000000000	0.000400000000000000
0.700000000000000	0.00210000000000000
0.710000000000000	-0.000400000000000000
0.720000000000000	-0.000800000000000000
0.730000000000000	-0.00140000000000000
0.740000000000000	-0.00110000000000000
0.750000000000000	0.000100000000000000
0.760000000000000	0.000900000000000000
0.770000000000000	0.000900000000000000
0.780000000000000	-0.000100000000000000
0.790000000000000	-0.000400000000000000
0.800000000000000	0.00240000000000000
0.810000000000000	0.00510000000000000
0.820000000000000	0.00300000000000000
0.830000000000000	0.00230000000000000
0.840000000000000	0.00230000000000000
0.850000000000000	0.00250000000000000
0.860000000000000	0.00560000000000000
0.870000000000000	0.00620000000000000
0.880000000000000	0.00570000000000000
0.890000000000000	0.00270000000000000
0.900000000000000	0.00240000000000000
0.910000000000000	0.00310000000000000
0.920000000000000	0.00510000000000000
0.930000000000000	0.00490000000000000
0.940000000000000	0.00340000000000000
0.950000000000000	0.00520000000000000
0.960000000000000	0.00560000000000000
0.970000000000000	0.00500000000000000
0.980000000000000	0.00480000000000000
0.990000000000000	0.00360000000000000
1	0.00370000000000000
1.01000000000000	0.00450000000000000
1.02000000000000	0.00230000000000000
1.03000000000000	0.00190000000000000
1.04000000000000	0.00290000000000000
1.05000000000000	0.00560000000000000
1.06000000000000	0.00340000000000000
1.07000000000000	0.00490000000000000
1.08000000000000	0.00500000000000000
1.09000000000000	0.00560000000000000
1.10000000000000	0.00600000000000000
1.11000000000000	0.00540000000000000
1.12000000000000	0.00730000000000000
1.13000000000000	0.00580000000000000
1.14000000000000	0.00650000000000000
1.15000000000000	0.00630000000000000
1.16000000000000	0.00670000000000000
1.17000000000000	0.00910000000000000
1.18000000000000	0.00950000000000000
1.19000000000000	0.0127000000000000
1.20000000000000	0.0118000000000000
1.21000000000000	0.0165000000000000
1.22000000000000	0.0177000000000000
1.23000000000000	0.0193000010000000
1.24000000000000	0.0170000010000000
1.25000000000000	0.0164000000000000
1.26000000000000	0.0171000010000000
1.27000000000000	0.0146000000000000
1.28000000000000	0.0137000000000000
1.29000000000000	0.0147000000000000
1.30000000000000	0.0142000000000000
1.31000000000000	0.0159000010000000
1.32000000000000	0.0133000000000000
1.33000000000000	0.0126000000000000
1.34000000000000	0.0101000000000000
1.35000000000000	0.00480000000000000
1.36000000000000	0.00600000000000000
1.37000000000000	0.00520000000000000
1.38000000000000	0.00220000000000000
1.39000000000000	0.00550000000000000
1.40000000000000	0.00500000000000000
1.41000000000000	0.00270000000000000
1.42000000000000	0.000600000000000000
1.43000000000000	-0.00130000000000000
1.44000000000000	-0.00510000000000000
1.45000000000000	-0.00460000000000000
1.46000000000000	-0.00680000000000000
1.47000000000000	-0.00500000000000000
1.48000000000000	-0.00550000000000000
1.49000000000000	-0.00440000000000000
1.50000000000000	-0.00910000000000000
1.51000000000000	-0.00990000000000000
1.52000000000000	-0.00660000000000000
1.53000000000000	-0.00670000000000000
1.54000000000000	-0.00580000000000000
1.55000000000000	-0.00610000000000000
1.56000000000000	-0.00570000000000000
1.57000000000000	-0.0112000000000000
1.58000000000000	-0.0126000000000000
1.59000000000000	-0.00590000000000000
1.60000000000000	-0.00260000000000000
1.61000000000000	0.00760000000000000
1.62000000000000	0.0188000000000000
1.63000000000000	0.0289999990000000
1.64000000000000	0.0421000010000000
1.65000000000000	0.0469000000000000
1.66000000000000	0.0544000010000000
1.67000000000000	0.0568000000000000
1.68000000000000	0.0533000010000000
1.69000000000000	0.0544000010000000
1.70000000000000	0.0476999990000000
1.71000000000000	0.0419999990000000
1.72000000000000	0.0379999990000000
1.73000000000000	0.0361000000000000
1.74000000000000	0.0199000000000000
1.75000000000000	0.00220000000000000
1.76000000000000	-0.0179999990000000
1.77000000000000	-0.0288000000000000
1.78000000000000	-0.0295000000000000
1.79000000000000	0.00920000000000000
1.80000000000000	0.113700002000000
1.81000000000000	0.296099991000000
1.82000000000000	0.532999992000000
1.83000000000000	0.770399988000000
1.84000000000000	0.878400028000000
1.85000000000000	0.833500028000000
1.86000000000000	0.680800021000000
1.87000000000000	0.423900008000000
1.88000000000000	0.0829000030000000
1.89000000000000	-0.196400002000000
1.90000000000000	-0.308200002000000
1.91000000000000	-0.312999994000000
1.92000000000000	-0.215499997000000
1.93000000000000	-0.106600001000000
1.94000000000000	-0.0178000000000000
1.95000000000000	-0.0275000000000000
1.96000000000000	-0.0847000030000000
1.97000000000000	-0.140900001000000
1.98000000000000	-0.174199998000000
1.99000000000000	-0.174099997000000
2	-0.144400001000000
2.01000000000000	-0.125799999000000
2.02000000000000	-0.137199998000000
2.03000000000000	-0.173400000000000
2.04000000000000	-0.211600006000000
2.05000000000000	-0.216399997000000
2.06000000000000	-0.200900003000000
2.07000000000000	-0.168500006000000
2.08000000000000	-0.151600003000000
2.09000000000000	-0.161100000000000
2.10000000000000	-0.171100006000000
2.11000000000000	-0.181500003000000
2.12000000000000	-0.188999996000000
2.13000000000000	-0.184699997000000
2.14000000000000	-0.185599998000000
2.15000000000000	-0.186299995000000
2.16000000000000	-0.176799998000000
2.17000000000000	-0.173600003000000
2.18000000000000	-0.164700001000000
2.19000000000000	-0.145799994000000
2.20000000000000	-0.115999997000000
2.21000000000000	-0.0793000010000000
2.22000000000000	-0.0485999990000000
2.23000000000000	-0.0308000000000000
2.24000000000000	-0.0138000000000000
2.25000000000000	-0.0239000000000000
2.26000000000000	-0.0222999990000000
2.27000000000000	-0.0173000000000000
2.28000000000000	-0.00500000000000000
2.29000000000000	0.000500000000000000
2.30000000000000	-0.00390000000000000
2.31000000000000	-0.0104000000000000
2.32000000000000	-0.00820000000000000
2.33000000000000	-0.00330000000000000
2.34000000000000	0.0132000000000000
2.35000000000000	0.0274000000000000
2.36000000000000	0.0373000020000000
2.37000000000000	0.0462000000000000
2.38000000000000	0.0518999990000000
2.39000000000000	0.0550000000000000
2.40000000000000	0.0636000040000000
2.41000000000000	0.0693999980000000
2.42000000000000	0.0740000010000000
2.43000000000000	0.0689999980000000
2.44000000000000	0.0590999980000000
2.45000000000000	0.0494000020000000
2.46000000000000	0.0434999990000000
2.47000000000000	0.0414000000000000
2.48000000000000	0.0421000010000000
2.49000000000000	0.0418000000000000
2.50000000000000	0.0394000000000000
2.51000000000000	0.0425999980000000
2.52000000000000	0.0450000020000000
2.53000000000000	0.0529999990000000
2.54000000000000	0.0553999990000000
2.55000000000000	0.0631999970000000
2.56000000000000	0.0719000030000000
2.57000000000000	0.0754000020000000
2.58000000000000	0.0709000010000000
2.59000000000000	0.0597999990000000
2.60000000000000	0.0507999990000000
2.61000000000000	0.0423000010000000
2.62000000000000	0.0342000020000000
2.63000000000000	0.0263000000000000
2.64000000000000	0.0189999990000000
2.65000000000000	0.0107000000000000
2.66000000000000	0.0108000000000000
2.67000000000000	0.0115000000000000
2.68000000000000	0.0185000000000000
2.69000000000000	0.0256999990000000
2.70000000000000	0.0311999990000000
2.71000000000000	0.0384000020000000
2.72000000000000	0.0430999990000000
2.73000000000000	0.0439000020000000
2.74000000000000	0.0447000000000000
2.75000000000000	0.0414000000000000
2.76000000000000	0.0363000000000000
2.77000000000000	0.0286000000000000
2.78000000000000	0.0187000000000000
2.79000000000000	0.0124000000000000
2.80000000000000	0.00620000000000000
2.81000000000000	0.000600000000000000
2.82000000000000	0.00190000000000000
2.83000000000000	0.00530000000000000
2.84000000000000	0.00880000000000000
2.85000000000000	0.0123000000000000
2.86000000000000	0.0131000000000000
2.87000000000000	0.0165000000000000
2.88000000000000	0.0253000000000000
2.89000000000000	0.0255999990000000
2.90000000000000	0.0234999990000000
2.91000000000000	0.0208000000000000
2.92000000000000	0.0218000000000000
2.93000000000000	0.0179999990000000
2.94000000000000	0.0114000000000000
2.95000000000000	0.0113000000000000
2.96000000000000	0.00560000000000000
2.97000000000000	-0.00350000000000000
2.98000000000000	-0.00510000000000000
2.99000000000000	-0.00230000000000000
3	-0.000700000000000000
3.01000000000000	-0.000200000000000000
3.02000000000000	0.00560000000000000
3.03000000000000	0.0150000000000000
3.04000000000000	0.0230000000000000
3.05000000000000	0.0277000000000000
3.06000000000000	0.0324000010000000
3.07000000000000	0.0366999990000000
3.08000000000000	0.0383000000000000
3.09000000000000	0.0379999990000000
3.10000000000000	0.0309999990000000
3.11000000000000	0.0207000000000000
3.12000000000000	0.00880000000000000
3.13000000000000	-0.00200000000000000
3.14000000000000	-0.0115000000000000
3.15000000000000	-0.0192000010000000
3.16000000000000	-0.0208000000000000
3.17000000000000	-0.0126000000000000
3.18000000000000	-0.00600000000000000
3.19000000000000	0.00240000000000000
3.20000000000000	0.0147000000000000
3.21000000000000	0.0297000000000000
3.22000000000000	0.0381999980000000
3.23000000000000	0.0410000010000000
3.24000000000000	0.0375999990000000
3.25000000000000	0.0293000010000000
3.26000000000000	0.0197000000000000
3.27000000000000	0.0126000000000000
3.28000000000000	0.00680000000000000
3.29000000000000	0.00230000000000000
3.30000000000000	0.00180000000000000
3.31000000000000	-0.000600000000000000
3.32000000000000	-0.00220000000000000
3.33000000000000	0.00170000000000000
3.34000000000000	0.00710000000000000
3.35000000000000	0.0122000000000000
3.36000000000000	0.0161000010000000
3.37000000000000	0.0164000000000000
3.38000000000000	0.0147000000000000
3.39000000000000	0.0136000000000000
3.40000000000000	0.0109000000000000
3.41000000000000	0.0120000000000000
3.42000000000000	0.0120000000000000
3.43000000000000	0.00960000000000000
3.44000000000000	0.00460000000000000
3.45000000000000	0.000800000000000000
3.46000000000000	-0.00240000000000000
3.47000000000000	0.000400000000000000
3.48000000000000	0.00190000000000000
3.49000000000000	0.00440000000000000
3.50000000000000	0.00510000000000000
3.51000000000000	0.00480000000000000
3.52000000000000	0.00650000000000000
3.53000000000000	0.00980000000000000
3.54000000000000	0.0140000000000000
3.55000000000000	0.0131000000000000
3.56000000000000	0.0117000000000000
3.57000000000000	0.00440000000000000
3.58000000000000	-0.00110000000000000
3.59000000000000	-0.00210000000000000
3.60000000000000	-0.00490000000000000
3.61000000000000	-0.00590000000000000
3.62000000000000	-0.00980000000000000
3.63000000000000	-0.00960000000000000
3.64000000000000	-0.00770000000000000
3.65000000000000	-0.00130000000000000
3.66000000000000	0.00390000000000000
3.67000000000000	0.00540000000000000
3.68000000000000	0.00840000000000000
3.69000000000000	0.00900000000000000
3.70000000000000	0.0151000000000000
3.71000000000000	0.0164000000000000
3.72000000000000	0.0162000000000000
3.73000000000000	0.0131000000000000
3.74000000000000	0.00830000000000000
3.75000000000000	0.00530000000000000
3.76000000000000	0.00280000000000000
3.77000000000000	0.00260000000000000
3.78000000000000	0.000200000000000000
3.79000000000000	-0.00310000000000000
3.80000000000000	-0.00380000000000000
3.81000000000000	-0.00400000000000000
3.82000000000000	0.00160000000000000
3.83000000000000	0.00570000000000000
3.84000000000000	0.00720000000000000
3.85000000000000	0.0121000000000000
3.86000000000000	0.0149000000000000
3.87000000000000	0.0198000000000000
3.88000000000000	0.0250000000000000
3.89000000000000	0.0237000010000000
3.90000000000000	0.0236000010000000
3.91000000000000	0.0189000000000000
3.92000000000000	0.0189000000000000
3.93000000000000	0.0147000000000000
3.94000000000000	0.0106000000000000
3.95000000000000	0.00590000000000000
3.96000000000000	0.00410000000000000
3.97000000000000	0.00370000000000000
3.98000000000000	0.00430000000000000
3.99000000000000	0.00340000000000000
4	0.00300000000000000
4.01000000000000	0.00350000000000000
4.02000000000000	0.00660000000000000
4.03000000000000	0.0107000000000000
4.04000000000000	0.0126000000000000
4.05000000000000	0.0122000000000000
4.06000000000000	0.0112000000000000
4.07000000000000	0.0114000000000000
4.08000000000000	0.0118000000000000
4.09000000000000	0.0129000000000000
4.10000000000000	0.00950000000000000
4.11000000000000	0.00620000000000000
4.12000000000000	0.00240000000000000
4.13000000000000	0.00340000000000000
4.14000000000000	0.00560000000000000
4.15000000000000	0.00730000000000000
4.16000000000000	0.00740000000000000
4.17000000000000	0.00720000000000000
4.18000000000000	0.00770000000000000
4.19000000000000	0.0107000000000000
4.20000000000000	0.0135000000000000
4.21000000000000	0.0149000000000000
4.22000000000000	0.0128000000000000
4.23000000000000	0.0102000000000000
4.24000000000000	0.0118000000000000
4.25000000000000	0.0132000000000000
4.26000000000000	0.0134000000000000
4.27000000000000	0.00930000000000000
4.28000000000000	0.00460000000000000
4.29000000000000	0.00250000000000000
4.30000000000000	0.00480000000000000
4.31000000000000	0.00510000000000000
4.32000000000000	0.00440000000000000
4.33000000000000	0.00410000000000000
4.34000000000000	0.00710000000000000
4.35000000000000	0.0115000000000000
4.36000000000000	0.0161000010000000
4.37000000000000	0.0167000000000000
4.38000000000000	0.0174000000000000
4.39000000000000	0.0200999990000000
4.40000000000000	0.0230000000000000
4.41000000000000	0.0200000000000000
4.42000000000000	0.0149000000000000
4.43000000000000	0.00790000000000000
4.44000000000000	0.00460000000000000
4.45000000000000	0.000100000000000000
4.46000000000000	-0.00940000000000000
4.47000000000000	-0.0125000000000000
4.48000000000000	-0.0109000000000000
4.49000000000000	-0.00330000000000000
4.50000000000000	0.00140000000000000
4.51000000000000	0.00380000000000000
4.52000000000000	0.00770000000000000
4.53000000000000	0.0150000000000000
4.54000000000000	0.0200999990000000
4.55000000000000	0.0215000010000000
4.56000000000000	0.0178999990000000
4.57000000000000	0.0122000000000000
4.58000000000000	0.00570000000000000
4.59000000000000	0.00400000000000000
4.60000000000000	0.00340000000000000
4.61000000000000	0.00220000000000000
4.62000000000000	0.00180000000000000
4.63000000000000	0.00500000000000000
4.64000000000000	0.0105000000000000
4.65000000000000	0.0144000000000000
4.66000000000000	0.0151000000000000
4.67000000000000	0.0133000000000000
4.68000000000000	0.0122000000000000
4.69000000000000	0.0135000000000000
4.70000000000000	0.0138000000000000
4.71000000000000	0.0124000000000000
4.72000000000000	0.0116000000000000
4.73000000000000	0.0114000000000000
4.74000000000000	0.0128000000000000
4.75000000000000	0.0141000000000000
4.76000000000000	0.0118000000000000
4.77000000000000	0.00660000000000000
4.78000000000000	0.00440000000000000
4.79000000000000	0.00280000000000000
4.80000000000000	0.00490000000000000
4.81000000000000	0.00420000000000000
4.82000000000000	0.00260000000000000
4.83000000000000	0.00600000000000000
4.84000000000000	0.0100000000000000
4.85000000000000	0.0142000000000000
4.86000000000000	0.0150000000000000
4.87000000000000	0.0154000000000000
4.88000000000000	0.0160000010000000
4.89000000000000	0.0138000000000000
4.90000000000000	0.0135000000000000
4.91000000000000	0.00800000000000000
4.92000000000000	0.00210000000000000
4.93000000000000	0.000300000000000000
4.94000000000000	0.000800000000000000
4.95000000000000	0.000600000000000000
4.96000000000000	0.00170000000000000
4.97000000000000	0.00130000000000000
4.98000000000000	0.00400000000000000
4.99000000000000	0.00920000000000000
5	0.0135000000000000
5.01000000000000	0.0188000000000000
5.02000000000000	0.0200999990000000
5.03000000000000	0.0182000010000000
5.04000000000000	0.0199000000000000
5.05000000000000	0.0193000010000000
5.06000000000000	0.0197000000000000
5.07000000000000	0.0189999990000000
5.08000000000000	0.0160000010000000
5.09000000000000	0.0113000000000000
5.10000000000000	0.00570000000000000
5.11000000000000	0.000600000000000000
5.12000000000000	-0.000100000000000000
5.13000000000000	0.000200000000000000
5.14000000000000	-0.00110000000000000
5.15000000000000	-0.00140000000000000
5.16000000000000	0
5.17000000000000	0.00340000000000000
5.18000000000000	0.00560000000000000
5.19000000000000	0.00710000000000000
5.20000000000000	0.00820000000000000
5.21000000000000	0.00680000000000000
5.22000000000000	0.0104000000000000
5.23000000000000	0.0115000000000000
5.24000000000000	0.0151000000000000
5.25000000000000	0.0138000000000000
5.26000000000000	0.0126000000000000
5.27000000000000	0.0133000000000000
5.28000000000000	0.0156000000000000
5.29000000000000	0.0178999990000000
5.30000000000000	0.0178999990000000
5.31000000000000	0.0136000000000000
5.32000000000000	0.0119000000000000
5.33000000000000	0.0114000000000000
5.34000000000000	0.0106000000000000
5.35000000000000	0.0101000000000000
5.36000000000000	0.00680000000000000
5.37000000000000	0.00530000000000000
5.38000000000000	0.00350000000000000
5.39000000000000	0.00460000000000000
5.40000000000000	0.00660000000000000
5.41000000000000	0.00880000000000000
5.42000000000000	0.0102000000000000
5.43000000000000	0.00820000000000000
5.44000000000000	0.00620000000000000
5.45000000000000	0.00400000000000000
5.46000000000000	0.00620000000000000
5.47000000000000	0.00800000000000000
5.48000000000000	0.00890000000000000
5.49000000000000	0.00960000000000000
5.50000000000000	0.0103000000000000