572.000400000000	-3.49680600000000e-06
572.008217000000	-3.81469700000000e-06
572.016034000000	-3.73522400000000e-06
572.023851000000	-3.41733300000000e-06
572.031667000000	-3.89417000000000e-06
572.039484000000	-4.05311600000000e-06
572.047301000000	-4.13258900000000e-06
572.055118000000	-3.65575200000000e-06
572.062934000000	-3.17891400000000e-06
572.070751000000	-3.09944200000000e-06
572.078568000000	-3.25838700000000e-06
572.086385000000	-3.17891400000000e-06
572.094201000000	-3.09944200000000e-06
572.102018000000	-3.01996900000000e-06
572.109835000000	-2.78155000000000e-06
572.117652000000	-3.01996900000000e-06
572.125468000000	-3.01996900000000e-06
572.133285000000	-3.25838700000000e-06
572.141102000000	-3.09944200000000e-06
572.148919000000	-3.01996900000000e-06
572.156735000000	-3.09944200000000e-06
572.164552000000	-3.09944200000000e-06
572.172369000000	-3.01996900000000e-06
572.180186000000	-3.17891400000000e-06
572.188002000000	-3.33786000000000e-06
572.195819000000	-3.25838700000000e-06
572.203636000000	-3.25838700000000e-06
572.211453000000	-3.65575200000000e-06
572.219269000000	-3.65575200000000e-06
572.227086000000	-3.65575200000000e-06
572.234903000000	-3.41733300000000e-06
572.242720000000	-3.49680600000000e-06
572.250536000000	-3.25838700000000e-06
572.258353000000	-3.17891400000000e-06
572.266170000000	-3.09944200000000e-06
572.273987000000	-3.33786000000000e-06
572.281803000000	-3.25838700000000e-06
572.289620000000	-3.25838700000000e-06
572.297437000000	-3.17891400000000e-06
572.305254000000	-3.25838700000000e-06
572.313070000000	-3.33786000000000e-06
572.320887000000	-3.65575200000000e-06
572.328704000000	-3.33786000000000e-06
572.336521000000	-3.17891400000000e-06
572.344337000000	-3.17891400000000e-06
572.352154000000	-2.62260400000000e-06
572.359971000000	-2.94049600000000e-06
572.367788000000	-3.09944200000000e-06
572.375604000000	-2.86102300000000e-06
572.383421000000	-2.94049600000000e-06
572.391238000000	-3.09944200000000e-06
572.399055000000	-3.09944200000000e-06
572.406871000000	-3.01996900000000e-06
572.414688000000	-2.94049600000000e-06
572.422505000000	-3.25838700000000e-06
572.430322000000	-3.33786000000000e-06
572.438138000000	-3.65575200000000e-06
572.445955000000	-3.41733300000000e-06
572.453772000000	-3.17891400000000e-06
572.461589000000	-3.49680600000000e-06
572.469405000000	-3.57627900000000e-06
572.477222000000	-3.49680600000000e-06
572.485039000000	-3.25838700000000e-06
572.492856000000	-3.17891400000000e-06
572.500672000000	-3.17891400000000e-06
572.508489000000	-3.09944200000000e-06
572.516306000000	-3.41733300000000e-06
572.524123000000	-3.65575200000000e-06
572.531939000000	-3.97364300000000e-06
572.539756000000	-4.05311600000000e-06
572.547573000000	-3.89417000000000e-06
572.555390000000	-3.49680600000000e-06
572.563206000000	-3.57627900000000e-06
572.571023000000	-3.49680600000000e-06
572.578840000000	-3.25838700000000e-06
572.586657000000	-2.86102300000000e-06
572.594473000000	-2.54313200000000e-06
572.602290000000	-2.62260400000000e-06
572.610107000000	-2.94049600000000e-06
572.617924000000	-2.70207700000000e-06
572.625740000000	-2.94049600000000e-06
572.633557000000	-3.09944200000000e-06
572.641374000000	-2.94049600000000e-06
572.649191000000	-2.62260400000000e-06
572.657007000000	-2.46365900000000e-06
572.664824000000	-2.46365900000000e-06
572.672641000000	-2.62260400000000e-06
572.680458000000	-2.54313200000000e-06
572.688274000000	-2.86102300000000e-06
572.696091000000	-3.09944200000000e-06
572.703908000000	-3.17891400000000e-06
572.711725000000	-3.01996900000000e-06
572.719541000000	-2.62260400000000e-06
572.727358000000	-2.78155000000000e-06
572.735175000000	-2.78155000000000e-06
572.742992000000	-2.46365900000000e-06
572.750808000000	-2.54313200000000e-06
572.758625000000	-2.62260400000000e-06
572.766442000000	-2.70207700000000e-06
572.774259000000	-2.86102300000000e-06
572.782075000000	-2.62260400000000e-06
572.789892000000	-2.62260400000000e-06
572.797709000000	-2.78155000000000e-06
572.805526000000	-2.54313200000000e-06
572.813342000000	-2.54313200000000e-06
572.821159000000	-2.62260400000000e-06
572.828976000000	-2.86102300000000e-06
572.836793000000	-2.86102300000000e-06
572.844609000000	-2.86102300000000e-06
572.852426000000	-2.70207700000000e-06
572.860243000000	-2.54313200000000e-06
572.868060000000	-2.54313200000000e-06
572.875876000000	-2.38418600000000e-06
572.883693000000	-2.14576700000000e-06
572.891510000000	-2.14576700000000e-06
572.899327000000	-2.06629400000000e-06
572.907143000000	-2.14576700000000e-06
572.914960000000	-2.14576700000000e-06
572.922777000000	-1.74840300000000e-06
572.930594000000	-1.82787600000000e-06
572.938410000000	-2.62260400000000e-06
572.946227000000	-2.78155000000000e-06
572.954044000000	-2.78155000000000e-06
572.961861000000	-3.09944200000000e-06
572.969677000000	-3.49680600000000e-06
572.977494000000	-3.57627900000000e-06
572.985311000000	-3.33786000000000e-06
572.993128000000	-3.17891400000000e-06
573.000944000000	-3.01996900000000e-06
573.008761000000	-2.78155000000000e-06
573.016578000000	-2.86102300000000e-06
573.024395000000	-2.70207700000000e-06
573.032211000000	-2.54313200000000e-06
573.040028000000	-2.54313200000000e-06
573.047845000000	-2.46365900000000e-06
573.055662000000	-2.86102300000000e-06
573.063478000000	-2.86102300000000e-06
573.071295000000	-2.46365900000000e-06
573.079112000000	-2.46365900000000e-06
573.086929000000	-2.06629400000000e-06
573.094745000000	-1.82787600000000e-06
573.102562000000	-1.74840300000000e-06
573.110379000000	-1.58945700000000e-06
573.118196000000	-1.90734900000000e-06
573.126012000000	-2.06629400000000e-06
573.133829000000	-2.14576700000000e-06
573.141646000000	-2.54313200000000e-06
573.149463000000	-2.62260400000000e-06
573.157279000000	-2.78155000000000e-06
573.165096000000	-2.62260400000000e-06
573.172913000000	-2.54313200000000e-06
573.180730000000	-2.54313200000000e-06
573.188546000000	-3.09944200000000e-06
573.196363000000	-2.78155000000000e-06
573.204180000000	-2.70207700000000e-06
573.211997000000	-2.62260400000000e-06
573.219813000000	-2.94049600000000e-06
573.227630000000	-2.78155000000000e-06
573.235447000000	-2.62260400000000e-06
573.243264000000	-2.46365900000000e-06
573.251080000000	-2.30471300000000e-06
573.258897000000	-2.46365900000000e-06
573.266714000000	-2.62260400000000e-06
573.274531000000	-2.78155000000000e-06
573.282347000000	-3.01996900000000e-06
573.290164000000	-3.01996900000000e-06
573.297981000000	-2.78155000000000e-06
573.305798000000	-2.94049600000000e-06
573.313614000000	-2.78155000000000e-06
573.321431000000	-2.94049600000000e-06
573.329248000000	-2.94049600000000e-06
573.337065000000	-3.01996900000000e-06
573.344881000000	-2.70207700000000e-06
573.352698000000	-2.54313200000000e-06
573.360515000000	-2.70207700000000e-06
573.368332000000	-2.86102300000000e-06
573.376148000000	-2.46365900000000e-06
573.383965000000	-2.46365900000000e-06
573.391782000000	-2.06629400000000e-06
573.399599000000	-2.30471300000000e-06
573.407415000000	-2.38418600000000e-06
573.415232000000	-2.46365900000000e-06
573.423049000000	-2.46365900000000e-06
573.430866000000	-2.70207700000000e-06
573.438682000000	-2.62260400000000e-06
573.446499000000	-2.86102300000000e-06
573.454316000000	-2.38418600000000e-06
573.462133000000	-2.70207700000000e-06
573.469949000000	-2.38418600000000e-06
573.477766000000	-2.22524000000000e-06
573.485583000000	-2.46365900000000e-06
573.493400000000	-2.62260400000000e-06
573.501216000000	-2.38418600000000e-06
573.509033000000	-2.38418600000000e-06
573.516850000000	-2.30471300000000e-06
573.524667000000	-2.62260400000000e-06
573.532483000000	-2.54313200000000e-06
573.540300000000	-2.38418600000000e-06
573.548117000000	-2.30471300000000e-06
573.555934000000	-2.62260400000000e-06
573.563750000000	-2.78155000000000e-06
573.571567000000	-2.62260400000000e-06
573.579384000000	-2.78155000000000e-06
573.587201000000	-2.70207700000000e-06
573.595017000000	-2.54313200000000e-06
573.602834000000	-2.70207700000000e-06
573.610651000000	-2.70207700000000e-06
573.618468000000	-2.62260400000000e-06
573.626284000000	-2.86102300000000e-06
573.634101000000	-3.09944200000000e-06
573.641918000000	-3.25838700000000e-06
573.649735000000	-3.01996900000000e-06
573.657551000000	-2.78155000000000e-06
573.665368000000	-2.70207700000000e-06
573.673185000000	-2.62260400000000e-06
573.681002000000	-2.54313200000000e-06
573.688818000000	-2.94049600000000e-06
573.696635000000	-2.94049600000000e-06
573.704452000000	-2.62260400000000e-06
573.712269000000	-2.86102300000000e-06
573.720085000000	-2.70207700000000e-06
573.727902000000	-2.62260400000000e-06
573.735719000000	-2.54313200000000e-06
573.743536000000	-2.22524000000000e-06
573.751352000000	-2.62260400000000e-06
573.759169000000	-2.62260400000000e-06
573.766986000000	-2.70207700000000e-06
573.774803000000	-3.01996900000000e-06
573.782619000000	-3.01996900000000e-06
573.790436000000	-2.86102300000000e-06
573.798253000000	-3.01996900000000e-06
573.806070000000	-3.01996900000000e-06
573.813886000000	-3.25838700000000e-06
573.821703000000	-3.01996900000000e-06
573.829520000000	-2.78155000000000e-06
573.837337000000	-3.09944200000000e-06
573.845153000000	-2.86102300000000e-06
573.852970000000	-2.86102300000000e-06
573.860787000000	-2.70207700000000e-06
573.868604000000	-2.46365900000000e-06
573.876420000000	-2.46365900000000e-06
573.884237000000	-2.46365900000000e-06
573.892054000000	-2.70207700000000e-06
573.899871000000	-2.30471300000000e-06
573.907687000000	-2.30471300000000e-06
573.915504000000	-2.46365900000000e-06
573.923321000000	-2.22524000000000e-06
573.931138000000	-1.90734900000000e-06
573.938954000000	-1.74840300000000e-06
573.946771000000	-2.06629400000000e-06
573.954588000000	-2.46365900000000e-06
573.962405000000	-2.22524000000000e-06
573.970221000000	-2.14576700000000e-06
573.978038000000	-2.38418600000000e-06
573.985855000000	-2.30471300000000e-06
573.993672000000	-2.46365900000000e-06
574.001488000000	-2.46365900000000e-06
574.009305000000	-2.54313200000000e-06
574.017122000000	-2.86102300000000e-06
574.024939000000	-2.78155000000000e-06
574.032755000000	-2.62260400000000e-06
574.040572000000	-2.70207700000000e-06
574.048389000000	-2.62260400000000e-06
574.056206000000	-2.54313200000000e-06
574.064022000000	-2.78155000000000e-06
574.071839000000	-2.70207700000000e-06
574.079656000000	-2.94049600000000e-06
574.087473000000	-2.38418600000000e-06
574.095289000000	-2.30471300000000e-06
574.103106000000	-2.54313200000000e-06
574.110923000000	-1.98682100000000e-06
574.118740000000	-1.98682100000000e-06
574.126556000000	-2.22524000000000e-06
574.134373000000	-2.22524000000000e-06
574.142190000000	-2.38418600000000e-06
574.150007000000	-2.38418600000000e-06
574.157823000000	-2.30471300000000e-06
574.165640000000	-2.54313200000000e-06
574.173457000000	-2.22524000000000e-06
574.181274000000	-2.14576700000000e-06
574.189090000000	-2.06629400000000e-06
574.196907000000	-1.66893000000000e-06
574.204724000000	-1.82787600000000e-06
574.212541000000	-1.58945700000000e-06
574.220357000000	-1.90734900000000e-06
574.228174000000	-2.54313200000000e-06
574.235991000000	-2.38418600000000e-06
574.243808000000	-2.14576700000000e-06
574.251624000000	-2.14576700000000e-06
574.259441000000	-2.70207700000000e-06
574.267258000000	-2.78155000000000e-06
574.275075000000	-2.38418600000000e-06
574.282891000000	-2.38418600000000e-06
574.290708000000	-2.38418600000000e-06
574.298525000000	-2.70207700000000e-06
574.306342000000	-2.54313200000000e-06
574.314158000000	-2.38418600000000e-06
574.321975000000	-2.78155000000000e-06
574.329792000000	-3.01996900000000e-06
574.337609000000	-2.54313200000000e-06
574.345425000000	-2.06629400000000e-06
574.353242000000	-2.14576700000000e-06
574.361059000000	-2.22524000000000e-06
574.368876000000	-2.06629400000000e-06
574.376692000000	-2.06629400000000e-06
574.384509000000	-2.38418600000000e-06
574.392326000000	-2.54313200000000e-06
574.400143000000	-2.06629400000000e-06
574.407959000000	-1.82787600000000e-06
574.415776000000	-1.98682100000000e-06
574.423593000000	-2.54313200000000e-06
574.431410000000	-2.22524000000000e-06
574.439226000000	-1.98682100000000e-06
574.447043000000	-1.74840300000000e-06
574.454860000000	-2.06629400000000e-06
574.462677000000	-2.06629400000000e-06
574.470493000000	-2.30471300000000e-06
574.478310000000	-2.06629400000000e-06
574.486127000000	-2.38418600000000e-06
574.493944000000	-2.54313200000000e-06
574.501760000000	-1.43051100000000e-06
574.509577000000	-1.11262000000000e-06
574.517394000000	-1.58945700000000e-06
574.525211000000	-1.66893000000000e-06
574.533027000000	-1.66893000000000e-06
574.540844000000	-1.66893000000000e-06
574.548661000000	-2.06629400000000e-06
574.556478000000	-2.46365900000000e-06
574.564294000000	-2.46365900000000e-06
574.572111000000	-2.46365900000000e-06
574.579928000000	-2.14576700000000e-06
574.587745000000	-2.70207700000000e-06
574.595561000000	-2.70207700000000e-06
574.603378000000	-2.62260400000000e-06
574.611195000000	-2.86102300000000e-06
574.619012000000	-2.70207700000000e-06
574.626828000000	-3.09944200000000e-06
574.634645000000	-3.17891400000000e-06
574.642462000000	-2.62260400000000e-06
574.650279000000	-2.70207700000000e-06
574.658095000000	-2.86102300000000e-06
574.665912000000	-2.70207700000000e-06
574.673729000000	-2.70207700000000e-06
574.681546000000	-2.78155000000000e-06
574.689362000000	-2.78155000000000e-06
574.697179000000	-2.86102300000000e-06
574.704996000000	-2.54313200000000e-06
574.712813000000	-2.54313200000000e-06
574.720629000000	-2.86102300000000e-06
574.728446000000	-3.17891400000000e-06
574.736263000000	-3.09944200000000e-06
574.744080000000	-2.62260400000000e-06
574.751896000000	-2.62260400000000e-06
574.759713000000	-3.01996900000000e-06
574.767530000000	-3.25838700000000e-06
574.775347000000	-2.78155000000000e-06
574.783163000000	-2.62260400000000e-06
574.790980000000	-2.62260400000000e-06
574.798797000000	-3.01996900000000e-06
574.806614000000	-2.94049600000000e-06
574.814430000000	-3.01996900000000e-06
574.822247000000	-3.25838700000000e-06
574.830064000000	-3.09944200000000e-06
574.837881000000	-3.01996900000000e-06
574.845697000000	-3.33786000000000e-06
574.853514000000	-3.09944200000000e-06
574.861331000000	-2.86102300000000e-06
574.869148000000	-2.94049600000000e-06
574.876964000000	-3.17891400000000e-06
574.884781000000	-3.41733300000000e-06
574.892598000000	-2.94049600000000e-06
574.900415000000	-3.09944200000000e-06
574.908231000000	-3.33786000000000e-06
574.916048000000	-3.33786000000000e-06
574.923865000000	-2.94049600000000e-06
574.931682000000	-3.25838700000000e-06
574.939498000000	-3.57627900000000e-06
574.947315000000	-3.65575200000000e-06
574.955132000000	-3.33786000000000e-06
574.962949000000	-3.01996900000000e-06
574.970765000000	-3.33786000000000e-06
574.978582000000	-3.57627900000000e-06
574.986399000000	-3.73522400000000e-06
574.994216000000	-3.41733300000000e-06
575.002032000000	-3.01996900000000e-06
575.009849000000	-2.94049600000000e-06
575.017666000000	-3.01996900000000e-06
575.025483000000	-3.09944200000000e-06
575.033299000000	-2.94049600000000e-06
575.041116000000	-3.01996900000000e-06
575.048933000000	-3.17891400000000e-06
575.056750000000	-3.09944200000000e-06
575.064566000000	-3.25838700000000e-06
575.072383000000	-3.33786000000000e-06
575.080200000000	-3.33786000000000e-06
575.088017000000	-3.41733300000000e-06
575.095833000000	-3.01996900000000e-06
575.103650000000	-3.17891400000000e-06
575.111467000000	-3.41733300000000e-06
575.119284000000	-3.73522400000000e-06
575.127100000000	-3.89417000000000e-06
575.134917000000	-3.97364300000000e-06
575.142734000000	-4.05311600000000e-06
575.150551000000	-4.13258900000000e-06
575.158367000000	-3.49680600000000e-06
575.166184000000	-3.57627900000000e-06
575.174001000000	-3.65575200000000e-06
575.181818000000	-3.57627900000000e-06
575.189634000000	-3.33786000000000e-06
575.197451000000	-3.25838700000000e-06
575.205268000000	-3.49680600000000e-06
575.213085000000	-3.41733300000000e-06
575.220901000000	-3.01996900000000e-06
575.228718000000	-2.86102300000000e-06
575.236535000000	-3.09944200000000e-06
575.244352000000	-3.49680600000000e-06
575.252168000000	-3.25838700000000e-06
575.259985000000	-3.25838700000000e-06
575.267802000000	-3.49680600000000e-06
575.275619000000	-3.49680600000000e-06
575.283435000000	-3.89417000000000e-06
575.291252000000	-4.13258900000000e-06
575.299069000000	-3.97364300000000e-06
575.306886000000	-3.81469700000000e-06
575.314702000000	-3.57627900000000e-06
575.322519000000	-3.33786000000000e-06
575.330336000000	-3.33786000000000e-06
575.338153000000	-3.49680600000000e-06
575.345969000000	-3.65575200000000e-06
575.353786000000	-3.65575200000000e-06
575.361603000000	-3.89417000000000e-06
575.369420000000	-4.29153400000000e-06
575.377236000000	-4.05311600000000e-06
575.385053000000	-3.73522400000000e-06
575.392870000000	-3.97364300000000e-06
575.400687000000	-3.97364300000000e-06
575.408503000000	-3.81469700000000e-06
575.416320000000	-3.73522400000000e-06
575.424137000000	-3.73522400000000e-06
575.431954000000	-3.97364300000000e-06
575.439770000000	-3.89417000000000e-06
575.447587000000	-3.89417000000000e-06
575.455404000000	-3.97364300000000e-06
575.463221000000	-3.81469700000000e-06
575.471037000000	-3.57627900000000e-06
575.478854000000	-3.65575200000000e-06
575.486671000000	-3.57627900000000e-06
575.494488000000	-4.05311600000000e-06
575.502304000000	-4.45048000000000e-06
575.510121000000	-4.29153400000000e-06
575.517938000000	-4.13258900000000e-06
575.525755000000	-4.13258900000000e-06
575.533571000000	-4.52995300000000e-06
575.541388000000	-4.52995300000000e-06
575.549205000000	-4.60942600000000e-06
575.557022000000	-4.76837200000000e-06
575.564838000000	-5.32468200000000e-06
575.572655000000	-5.56310000000000e-06
575.580472000000	-5.48362700000000e-06
575.588289000000	-5.48362700000000e-06
575.596105000000	-5.56310000000000e-06
575.603922000000	-5.48362700000000e-06
575.611739000000	-5.40415400000000e-06
575.619556000000	-5.40415400000000e-06
575.627372000000	-5.64257300000000e-06
575.635189000000	-5.40415400000000e-06
575.643006000000	-5.32468200000000e-06
575.650823000000	-5.24520900000000e-06
575.658639000000	-5.24520900000000e-06
575.666456000000	-5.16573600000000e-06
575.674273000000	-5.16573600000000e-06
575.682090000000	-5.16573600000000e-06
575.689906000000	-5.24520900000000e-06
575.697723000000	-5.40415400000000e-06
575.705540000000	-5.32468200000000e-06
575.713357000000	-5.32468200000000e-06
575.721173000000	-5.32468200000000e-06
575.728990000000	-4.84784400000000e-06
575.736807000000	-4.76837200000000e-06
575.744624000000	-4.76837200000000e-06
575.752440000000	-4.60942600000000e-06
575.760257000000	-5.08626300000000e-06
575.768074000000	-5.48362700000000e-06
575.775891000000	-5.40415400000000e-06
575.783707000000	-4.92731700000000e-06
575.791524000000	-4.68889900000000e-06
575.799341000000	-5.00679000000000e-06
575.807158000000	-4.92731700000000e-06
575.814974000000	-5.08626300000000e-06
575.822791000000	-5.24520900000000e-06
575.830608000000	-5.16573600000000e-06
575.838425000000	-5.00679000000000e-06
575.846241000000	-5.16573600000000e-06
575.854058000000	-4.92731700000000e-06
575.861875000000	-5.00679000000000e-06
575.869692000000	-4.92731700000000e-06
575.877508000000	-4.60942600000000e-06
575.885325000000	-4.45048000000000e-06
575.893142000000	-4.21206200000000e-06
575.900959000000	-3.97364300000000e-06
575.908775000000	-3.97364300000000e-06
575.916592000000	-4.13258900000000e-06
575.924409000000	-3.89417000000000e-06
575.932226000000	-3.81469700000000e-06
575.940042000000	-3.81469700000000e-06
575.947859000000	-3.89417000000000e-06
575.955676000000	-3.81469700000000e-06
575.963493000000	-3.57627900000000e-06
575.971309000000	-3.57627900000000e-06
575.979126000000	-3.57627900000000e-06
575.986943000000	-3.41733300000000e-06
575.994760000000	-3.25838700000000e-06
576.002576000000	-3.57627900000000e-06
576.010393000000	-3.89417000000000e-06
576.018210000000	-3.97364300000000e-06
576.026027000000	-4.05311600000000e-06
576.033843000000	-4.13258900000000e-06
576.041660000000	-4.05311600000000e-06
576.049477000000	-4.13258900000000e-06
576.057294000000	-4.13258900000000e-06
576.065110000000	-4.21206200000000e-06
576.072927000000	-3.81469700000000e-06
576.080744000000	-3.73522400000000e-06
576.088561000000	-4.21206200000000e-06
576.096377000000	-4.05311600000000e-06
576.104194000000	-3.65575200000000e-06
576.112011000000	-3.89417000000000e-06
576.119828000000	-4.29153400000000e-06
576.127644000000	-4.68889900000000e-06
576.135461000000	-4.92731700000000e-06
576.143278000000	-4.52995300000000e-06
576.151095000000	-5.24520900000000e-06
576.158911000000	-5.64257300000000e-06
576.166728000000	-5.96046400000000e-06
576.174545000000	-5.88099200000000e-06
576.182362000000	-5.80151900000000e-06
576.190178000000	-6.19888300000000e-06
576.197995000000	-6.59624700000000e-06
576.205812000000	-6.67572000000000e-06
576.213629000000	-7.23203000000000e-06
576.221445000000	-7.78834000000000e-06
576.229262000000	-7.94728600000000e-06
576.237079000000	-8.26517700000000e-06
576.244896000000	-8.50359600000000e-06
576.252712000000	-8.90096000000000e-06
576.260529000000	-9.21885200000000e-06
576.268346000000	-9.05990600000000e-06
576.276163000000	-1.02520000000000e-05
576.283979000000	-1.12851500000000e-05
576.291796000000	-1.20004000000000e-05
576.299613000000	-1.29540800000000e-05
576.307430000000	-1.41461700000000e-05
576.315246000000	-1.50203700000000e-05
576.323063000000	-1.58151000000000e-05
576.330880000000	-1.66893000000000e-05
576.338697000000	-1.78813900000000e-05
576.346513000000	-1.94708500000000e-05
576.354330000000	-2.09013600000000e-05
576.362147000000	-2.20934500000000e-05
576.369964000000	-2.34444900000000e-05
576.377780000000	-2.51134200000000e-05
576.385597000000	-2.65439400000000e-05
576.393414000000	-2.81333900000000e-05
576.401231000000	-2.99612700000000e-05
576.409047000000	-3.21865100000000e-05
576.416864000000	-3.45706900000000e-05
576.424681000000	-3.69548800000000e-05
576.432498000000	-3.96569600000000e-05
576.440314000000	-4.18822000000000e-05
576.448131000000	-4.42663800000000e-05
576.455948000000	-4.74453000000000e-05
576.463765000000	-5.09421000000000e-05
576.471581000000	-5.45183800000000e-05
576.479398000000	-5.81741300000000e-05
576.487215000000	-6.19093600000000e-05
576.495032000000	-6.59624700000000e-05
576.502848000000	-7.07308500000000e-05
576.510665000000	-7.56581600000000e-05
576.518482000000	-8.03470600000000e-05
576.526299000000	-8.57512200000000e-05
576.534115000000	-9.11553700000000e-05
576.541932000000	-9.69568900000000e-05
576.549749000000	-0.000103000000000000
576.557566000000	-0.000109000000000000
576.565382000000	-0.000117000000000000
576.573199000000	-0.000124000000000000
576.581016000000	-0.000131000000000000
576.588833000000	-0.000139000000000000
576.596649000000	-0.000148000000000000
576.604466000000	-0.000156000000000000
576.612283000000	-0.000165000000000000
576.620100000000	-0.000174000000000000
576.627916000000	-0.000183000000000000
576.635733000000	-0.000194000000000000
576.643550000000	-0.000206000000000000
576.651367000000	-0.000217000000000000
576.659183000000	-0.000229000000000000
576.667000000000	-0.000243000000000000
576.674817000000	-0.000256000000000000
576.682634000000	-0.000269000000000000
576.690450000000	-0.000284000000000000
576.698267000000	-0.000298000000000000
576.706084000000	-0.000313000000000000
576.713901000000	-0.000328000000000000
576.721717000000	-0.000345000000000000
576.729534000000	-0.000362000000000000
576.737351000000	-0.000378000000000000
576.745168000000	-0.000395000000000000
576.752984000000	-0.000413000000000000
576.760801000000	-0.000431000000000000
576.768618000000	-0.000450000000000000
576.776435000000	-0.000470000000000000
576.784251000000	-0.000489000000000000
576.792068000000	-0.000508000000000000
576.799885000000	-0.000527000000000000
576.807702000000	-0.000547000000000000
576.815518000000	-0.000567000000000000
576.823335000000	-0.000587000000000000
576.831152000000	-0.000606000000000000
576.838969000000	-0.000624000000000000
576.846785000000	-0.000643000000000000
576.854602000000	-0.000662000000000000
576.862419000000	-0.000679000000000000
576.870236000000	-0.000694000000000000
576.878052000000	-0.000708000000000000
576.885869000000	-0.000722000000000000
576.893686000000	-0.000735000000000000
576.901503000000	-0.000746000000000000
576.909319000000	-0.000755000000000000
576.917136000000	-0.000764000000000000
576.924953000000	-0.000771000000000000
576.932770000000	-0.000776000000000000
576.940586000000	-0.000777000000000000
576.948403000000	-0.000777000000000000
576.956220000000	-0.000772000000000000
576.964037000000	-0.000763000000000000
576.971853000000	-0.000750000000000000
576.979670000000	-0.000734000000000000
576.987487000000	-0.000712000000000000
576.995304000000	-0.000688000000000000
577.003120000000	-0.000659000000000000
577.010937000000	-0.000628000000000000
577.018754000000	-0.000590000000000000
577.026571000000	-0.000547000000000000
577.034387000000	-0.000497000000000000
577.042204000000	-0.000441000000000000
577.050021000000	-0.000379000000000000
577.057838000000	-0.000311000000000000
577.065655000000	-0.000236000000000000
577.073471000000	-0.000156000000000000
577.081288000000	-6.92208600000000e-05
577.089105000000	2.25702900000000e-05
577.096922000000	0.000120000000000000
577.104738000000	0.000223000000000000
577.112555000000	0.000335000000000000
577.120372000000	0.000451000000000000
577.128189000000	0.000571000000000000
577.136005000000	0.000694000000000000
577.143822000000	0.000825000000000000
577.151639000000	0.000960000000000000
577.159456000000	0.00109600000000000
577.167272000000	0.00123300000000000
577.175089000000	0.00137400000000000
577.182906000000	0.00151800000000000
577.190723000000	0.00166100000000000
577.198539000000	0.00180100000000000
577.206356000000	0.00193800000000000
577.214173000000	0.00208200000000000
577.221990000000	0.00221900000000000
577.229806000000	0.00234800000000000
577.237623000000	0.00247000000000000
577.245440000000	0.00259400000000000
577.253257000000	0.00271700000000000
577.261073000000	0.00281900000000000
577.268890000000	0.00290900000000000
577.276707000000	0.00298900000000000
577.284524000000	0.00305900000000000
577.292340000000	0.00311500000000000
577.300157000000	0.00315000000000000
577.307974000000	0.00316900000000000
577.315791000000	0.00317200000000000
577.323607000000	0.00316100000000000
577.331424000000	0.00312900000000000
577.339241000000	0.00308300000000000
577.347058000000	0.00302000000000000
577.354874000000	0.00294200000000000
577.362691000000	0.00284400000000000
577.370508000000	0.00272700000000000
577.378325000000	0.00259100000000000
577.386141000000	0.00243700000000000
577.393958000000	0.00226300000000000
577.401775000000	0.00207400000000000
577.409592000000	0.00187700000000000
577.417408000000	0.00167300000000000
577.425225000000	0.00146400000000000
577.433042000000	0.00124500000000000
577.440859000000	0.00101800000000000
577.448675000000	0.000779000000000000
577.456492000000	0.000530000000000000
577.464309000000	0.000274000000000000
577.472126000000	1.50203700000000e-05
577.479942000000	-0.000241000000000000
577.487759000000	-0.000497000000000000
577.495576000000	-0.000748000000000000
577.503393000000	-0.000985000000000000
577.511209000000	-0.00121400000000000
577.519026000000	-0.00144600000000000
577.526843000000	-0.00166800000000000
577.534660000000	-0.00185900000000000
577.542476000000	-0.00203100000000000
577.550293000000	-0.00219100000000000
577.558110000000	-0.00233400000000000
577.565927000000	-0.00245500000000000
577.573743000000	-0.00255000000000000
577.581560000000	-0.00262800000000000
577.589377000000	-0.00269000000000000
577.597194000000	-0.00273000000000000
577.605010000000	-0.00274500000000000
577.612827000000	-0.00273900000000000
577.620644000000	-0.00272100000000000
577.628461000000	-0.00268500000000000
577.636277000000	-0.00263400000000000
577.644094000000	-0.00255800000000000
577.651911000000	-0.00246800000000000
577.659728000000	-0.00236100000000000
577.667544000000	-0.00223700000000000
577.675361000000	-0.00210100000000000
577.683178000000	-0.00195900000000000
577.690995000000	-0.00181100000000000
577.698811000000	-0.00165800000000000
577.706628000000	-0.00150000000000000
577.714445000000	-0.00134100000000000
577.722262000000	-0.00118500000000000
577.730078000000	-0.00103100000000000
577.737895000000	-0.000883000000000000
577.745712000000	-0.000740000000000000
577.753529000000	-0.000601000000000000
577.761345000000	-0.000469000000000000
577.769162000000	-0.000344000000000000
577.776979000000	-0.000229000000000000
577.784796000000	-0.000126000000000000
577.792612000000	-3.56833100000000e-05
577.800429000000	4.41869100000000e-05
577.808246000000	0.000112000000000000
577.816063000000	0.000167000000000000
577.823879000000	0.000210000000000000
577.831696000000	0.000243000000000000
577.839513000000	0.000266000000000000
577.847330000000	0.000278000000000000
577.855146000000	0.000281000000000000
577.862963000000	0.000275000000000000
577.870780000000	0.000261000000000000
577.878597000000	0.000239000000000000
577.886413000000	0.000212000000000000
577.894230000000	0.000180000000000000
577.902047000000	0.000143000000000000
577.909864000000	9.95794900000000e-05
577.917680000000	5.34057600000000e-05
577.925497000000	4.37100700000000e-06
577.933314000000	-4.69684600000000e-05
577.941131000000	-9.91026600000000e-05
577.948947000000	-0.000149000000000000
577.956764000000	-0.000200000000000000
577.964581000000	-0.000249000000000000
577.972398000000	-0.000295000000000000
577.980214000000	-0.000338000000000000
577.988031000000	-0.000376000000000000
577.995848000000	-0.000409000000000000
578.003665000000	-0.000439000000000000
578.011481000000	-0.000463000000000000
578.019298000000	-0.000482000000000000
578.027115000000	-0.000494000000000000
578.034932000000	-0.000499000000000000
578.042748000000	-0.000496000000000000
578.050565000000	-0.000486000000000000
578.058382000000	-0.000469000000000000
578.066199000000	-0.000446000000000000
578.074015000000	-0.000416000000000000
578.081832000000	-0.000380000000000000
578.089649000000	-0.000338000000000000
578.097466000000	-0.000284000000000000
578.105282000000	-0.000228000000000000
578.113099000000	-0.000171000000000000
578.120916000000	-0.000111000000000000
578.128733000000	-4.64121500000000e-05
578.136549000000	1.85966500000000e-05
578.144366000000	8.47180700000000e-05
578.152183000000	0.000150000000000000
578.160000000000	0.000215000000000000
578.167816000000	0.000278000000000000
578.175633000000	0.000338000000000000
578.183450000000	0.000397000000000000
578.191267000000	0.000455000000000000
578.199083000000	0.000508000000000000
578.206900000000	0.000556000000000000
578.214717000000	0.000599000000000000
578.222534000000	0.000637000000000000
578.230350000000	0.000669000000000000
578.238167000000	0.000690000000000000
578.245984000000	0.000703000000000000
578.253801000000	0.000713000000000000
578.261617000000	0.000717000000000000
578.269434000000	0.000714000000000000
578.277251000000	0.000702000000000000
578.285068000000	0.000685000000000000
578.292884000000	0.000663000000000000
578.300701000000	0.000635000000000000
578.308518000000	0.000601000000000000
578.316335000000	0.000563000000000000
578.324151000000	0.000522000000000000
578.331968000000	0.000478000000000000
578.339785000000	0.000431000000000000
578.347602000000	0.000381000000000000
578.355418000000	0.000330000000000000
578.363235000000	0.000280000000000000
578.371052000000	0.000231000000000000
578.378869000000	0.000182000000000000
578.386685000000	0.000133000000000000
578.394502000000	8.55128000000000e-05
578.402319000000	3.89417000000000e-05
578.410136000000	-5.40415400000000e-06
578.417952000000	-4.73658200000000e-05
578.425769000000	-8.76585600000000e-05
578.433586000000	-0.000122000000000000
578.441403000000	-0.000151000000000000
578.449219000000	-0.000176000000000000
578.457036000000	-0.000197000000000000
578.464853000000	-0.000213000000000000
578.472670000000	-0.000225000000000000
578.480486000000	-0.000232000000000000
578.488303000000	-0.000236000000000000
578.496120000000	-0.000236000000000000
578.503937000000	-0.000230000000000000
578.511753000000	-0.000222000000000000
578.519570000000	-0.000209000000000000
578.527387000000	-0.000194000000000000
578.535204000000	-0.000176000000000000
578.543020000000	-0.000157000000000000
578.550837000000	-0.000136000000000000
578.558654000000	-0.000112000000000000
578.566471000000	-8.72612000000000e-05
578.574287000000	-6.23861900000000e-05
578.582104000000	-3.79085500000000e-05
578.589921000000	-1.25567100000000e-05
578.597738000000	1.31130200000000e-05
578.605554000000	3.78290800000000e-05
578.613371000000	6.10351600000000e-05
578.621188000000	8.30491400000000e-05
578.629005000000	0.000104000000000000
578.636821000000	0.000123000000000000
578.644638000000	0.000139000000000000
578.652455000000	0.000152000000000000
578.660272000000	0.000163000000000000
578.668088000000	0.000173000000000000
578.675905000000	0.000179000000000000
578.683722000000	0.000182000000000000
578.691539000000	0.000184000000000000
578.699355000000	0.000184000000000000
578.707172000000	0.000181000000000000
578.714989000000	0.000176000000000000
578.722806000000	0.000168000000000000
578.730622000000	0.000160000000000000
578.738439000000	0.000150000000000000
578.746256000000	0.000139000000000000
578.754073000000	0.000125000000000000
578.761889000000	0.000112000000000000
578.769706000000	9.71953100000000e-05
578.777523000000	8.16981000000000e-05
578.785340000000	6.62008900000000e-05
578.793156000000	5.04652700000000e-05
578.800973000000	3.56038400000000e-05
578.808790000000	2.20139800000000e-05
578.816607000000	9.13937900000000e-06
578.824423000000	-2.86102300000000e-06
578.832240000000	-1.41461700000000e-05
578.840057000000	-2.36034400000000e-05
578.847874000000	-3.13123100000000e-05
578.855690000000	-3.79880300000000e-05
578.863507000000	-4.29153400000000e-05
578.871324000000	-4.65711000000000e-05
578.879141000000	-4.84784400000000e-05
578.886957000000	-4.92731700000000e-05
578.894774000000	-4.84784400000000e-05
578.902591000000	-4.58558400000000e-05
578.910408000000	-4.22795600000000e-05
578.918224000000	-3.77496100000000e-05
578.926041000000	-3.25838700000000e-05
578.933858000000	-2.60671000000000e-05
578.941675000000	-1.89940100000000e-05
578.949491000000	-1.17619800000000e-05
578.957308000000	-3.73522400000000e-06
578.965125000000	4.29153400000000e-06
578.972942000000	1.28746000000000e-05
578.980758000000	2.05834700000000e-05
578.988575000000	2.78155000000000e-05
578.996392000000	3.49680600000000e-05
579.004209000000	4.18822000000000e-05
579.012025000000	4.78426600000000e-05
579.019842000000	5.33262900000000e-05
579.027659000000	5.79357100000000e-05
579.035476000000	6.19888300000000e-05
579.043292000000	6.48498500000000e-05
579.051109000000	6.69161500000000e-05
579.058926000000	6.77903500000000e-05
579.066743000000	6.77108800000000e-05
579.074559000000	6.65982600000000e-05
579.082376000000	6.43730200000000e-05
579.090193000000	6.15914700000000e-05
579.098010000000	5.76178200000000e-05
579.105826000000	5.26110300000000e-05
579.113643000000	4.71274100000000e-05
579.121460000000	4.09285200000000e-05
579.129277000000	3.46501700000000e-05
579.137093000000	2.75770800000000e-05
579.144910000000	1.98682100000000e-05
579.152727000000	1.17619800000000e-05
579.160544000000	3.41733300000000e-06
579.168360000000	-5.24520900000000e-06
579.176177000000	-1.38282800000000e-05
579.183994000000	-2.16960900000000e-05
579.191811000000	-2.89281200000000e-05
579.199627000000	-3.58422600000000e-05
579.207444000000	-4.20411400000000e-05
579.215261000000	-4.78426600000000e-05
579.223078000000	-5.24520900000000e-05
579.230894000000	-5.64257300000000e-05
579.238711000000	-5.98430600000000e-05
579.246528000000	-6.25451400000000e-05
579.254345000000	-6.39756500000000e-05
579.262161000000	-6.45319600000000e-05
579.269978000000	-6.46114300000000e-05
579.277795000000	-6.42935400000000e-05
579.285612000000	-6.31014500000000e-05
579.293428000000	-6.09556800000000e-05
579.301245000000	-5.81741300000000e-05
579.309062000000	-5.51541600000000e-05
579.316879000000	-5.16573600000000e-05
579.324695000000	-4.77631900000000e-05
579.332512000000	-4.36306000000000e-05
579.340329000000	-3.91006500000000e-05
579.348146000000	-3.44117500000000e-05
579.355962000000	-2.95639000000000e-05
579.363779000000	-2.47955300000000e-05
579.371596000000	-2.02655800000000e-05
579.379413000000	-1.58945700000000e-05
579.387229000000	-1.16030400000000e-05
579.395046000000	-7.70886700000000e-06
579.402863000000	-4.37100700000000e-06
579.410680000000	-9.53674300000000e-07
579.418496000000	2.22524000000000e-06
579.426313000000	4.21206200000000e-06
579.434130000000	6.03993700000000e-06
579.441947000000	7.39097600000000e-06
579.449763000000	8.10623200000000e-06
579.457580000000	8.42412300000000e-06
579.465397000000	8.18570500000000e-06
579.473214000000	7.31150300000000e-06
579.481030000000	5.96046400000000e-06
579.488847000000	4.21206200000000e-06
579.496664000000	2.38418600000000e-06
579.504481000000	-7.94728600000000e-08
579.512297000000	-3.41733300000000e-06
579.520114000000	-6.43730200000000e-06
579.527931000000	-9.93410700000000e-06
579.535748000000	-1.31130200000000e-05
579.543564000000	-1.60535200000000e-05
579.551381000000	-1.97887400000000e-05
579.559198000000	-2.32060800000000e-05
579.567015000000	-2.62260400000000e-05
579.574831000000	-2.90870700000000e-05
579.582648000000	-3.24249300000000e-05
579.590465000000	-3.55243700000000e-05
579.598282000000	-3.77496100000000e-05
579.606098000000	-3.94980100000000e-05
579.613915000000	-4.13258900000000e-05
579.621732000000	-4.28358700000000e-05
579.629549000000	-4.34716500000000e-05
579.637365000000	-4.41869100000000e-05
579.645182000000	-4.45842700000000e-05
579.652999000000	-4.40279600000000e-05
579.660816000000	-4.30742900000000e-05
579.668632000000	-4.15643100000000e-05
579.676449000000	-3.94185400000000e-05
579.684266000000	-3.71138300000000e-05
579.692083000000	-3.45706900000000e-05
579.699899000000	-3.13123100000000e-05
579.707716000000	-2.79744500000000e-05
579.715533000000	-2.44776400000000e-05
579.723350000000	-2.04245200000000e-05
579.731166000000	-1.63714100000000e-05
579.738983000000	-1.20004000000000e-05
579.746800000000	-7.47044900000000e-06
579.754617000000	-3.33786000000000e-06
579.762433000000	1.27156600000000e-06
579.770250000000	5.56310000000000e-06
579.778067000000	9.69568900000000e-06
579.785884000000	1.39872200000000e-05
579.793700000000	1.76429700000000e-05
579.801517000000	2.12987300000000e-05
579.809334000000	2.48750100000000e-05
579.817151000000	2.80539200000000e-05
579.824967000000	3.05175800000000e-05
579.832784000000	3.25838700000000e-05
579.840601000000	3.51270000000000e-05
579.848418000000	3.75111900000000e-05
579.856234000000	3.91006500000000e-05
579.864051000000	4.03722100000000e-05
579.871868000000	4.14848300000000e-05
579.879685000000	4.22795600000000e-05
579.887501000000	4.26769300000000e-05
579.895318000000	4.23590300000000e-05
579.903135000000	4.16437800000000e-05
579.910952000000	4.14053600000000e-05
579.918768000000	4.05311600000000e-05
579.926585000000	3.90211700000000e-05
579.934402000000	3.79880300000000e-05
579.942219000000	3.65575200000000e-05
579.950035000000	3.51270000000000e-05
579.957852000000	3.32196600000000e-05
579.965669000000	3.11533600000000e-05
579.973486000000	2.94049600000000e-05
579.981302000000	2.76565600000000e-05
579.989119000000	2.56697300000000e-05
579.996936000000	2.34444900000000e-05
580.004753000000	2.15371400000000e-05
580.012569000000	1.94708500000000e-05
580.020386000000	1.78019200000000e-05
580.028203000000	1.63714100000000e-05
580.036020000000	1.41461700000000e-05
580.043836000000	1.22388200000000e-05
580.051653000000	1.08877800000000e-05
580.059470000000	9.37779700000000e-06
580.067287000000	8.42412300000000e-06
580.075103000000	7.62939500000000e-06
580.082920000000	6.67572000000000e-06
580.090737000000	5.80151900000000e-06
580.098554000000	4.76837200000000e-06
580.106370000000	4.21206200000000e-06
580.114187000000	3.65575200000000e-06
580.122004000000	2.94049600000000e-06
580.129821000000	2.38418600000000e-06
580.137637000000	2.06629400000000e-06
580.145454000000	1.58945700000000e-06
580.153271000000	1.27156600000000e-06
580.161088000000	7.15255700000000e-07
580.168904000000	6.35782900000000e-07
580.176721000000	7.94728600000000e-08
580.184538000000	-3.97364300000000e-07
580.192355000000	-1.19209300000000e-06
580.200171000000	-1.43051100000000e-06
580.207988000000	-1.98682100000000e-06
580.215805000000	-2.86102300000000e-06
580.223622000000	-3.41733300000000e-06
580.231438000000	-3.97364300000000e-06
580.239255000000	-4.45048000000000e-06
580.247072000000	-5.32468200000000e-06
580.254889000000	-6.03993700000000e-06
580.262705000000	-6.19888300000000e-06
580.270522000000	-6.83466600000000e-06
580.278339000000	-7.86781300000000e-06
580.286156000000	-8.18570500000000e-06
580.293972000000	-8.82148700000000e-06
580.301789000000	-9.69568900000000e-06
580.309606000000	-1.04109400000000e-05
580.317423000000	-1.07288400000000e-05
580.325239000000	-1.12851500000000e-05
580.333056000000	-1.19209300000000e-05
580.340873000000	-1.28746000000000e-05
580.348690000000	-1.38282800000000e-05
580.356506000000	-1.43051100000000e-05
580.364323000000	-1.48614200000000e-05
580.372140000000	-1.52587900000000e-05
580.379957000000	-1.55766800000000e-05
580.387773000000	-1.59740400000000e-05
580.395590000000	-1.62124600000000e-05
580.403407000000	-1.64508800000000e-05
580.411224000000	-1.67687700000000e-05
580.419040000000	-1.69277200000000e-05
580.426857000000	-1.69277200000000e-05
580.434674000000	-1.72456100000000e-05
580.442491000000	-1.74840300000000e-05
580.450307000000	-1.74840300000000e-05
580.458124000000	-1.70866600000000e-05
580.465941000000	-1.68482500000000e-05
580.473758000000	-1.63714100000000e-05
580.481574000000	-1.56561500000000e-05
580.489391000000	-1.50203700000000e-05
580.497208000000	-1.44640600000000e-05
580.505025000000	-1.35898600000000e-05
580.512841000000	-1.30335500000000e-05
580.520658000000	-1.18414600000000e-05
580.528475000000	-1.06493600000000e-05
580.536292000000	-1.01725300000000e-05
580.544108000000	-9.37779700000000e-06
580.551925000000	-8.74201500000000e-06
580.559742000000	-8.26517700000000e-06
580.567559000000	-7.70886700000000e-06
580.575375000000	-7.23203000000000e-06
580.583192000000	-6.27835600000000e-06
580.591009000000	-5.80151900000000e-06
580.598826000000	-5.56310000000000e-06
580.606642000000	-5.32468200000000e-06
580.614459000000	-4.92731700000000e-06
580.622276000000	-4.52995300000000e-06
580.630093000000	-4.21206200000000e-06
580.637909000000	-4.05311600000000e-06
580.645726000000	-4.13258900000000e-06
580.653543000000	-4.45048000000000e-06
580.661360000000	-5.24520900000000e-06
580.669176000000	-5.72204600000000e-06
580.676993000000	-5.96046400000000e-06
580.684810000000	-6.35782900000000e-06
580.692627000000	-7.47044900000000e-06
580.700443000000	-8.42412300000000e-06
580.708260000000	-9.05990600000000e-06
580.716077000000	-9.93410700000000e-06
580.723894000000	-1.04904200000000e-05
580.731710000000	-1.12851500000000e-05
580.739527000000	-1.21593500000000e-05
580.747344000000	-1.30335500000000e-05
580.755161000000	-1.35898600000000e-05
580.762977000000	-1.39872200000000e-05
580.770794000000	-1.43845900000000e-05
580.778611000000	-1.50203700000000e-05
580.786428000000	-1.55766800000000e-05
580.794244000000	-1.56561500000000e-05
580.802061000000	-1.59740400000000e-05
580.809878000000	-1.62124600000000e-05
580.817695000000	-1.66893000000000e-05
580.825511000000	-1.70071900000000e-05
580.833328000000	-1.66893000000000e-05
580.841145000000	-1.61329900000000e-05
580.848962000000	-1.56561500000000e-05
580.856778000000	-1.49409000000000e-05
580.864595000000	-1.39872200000000e-05
580.872412000000	-1.31924900000000e-05
580.880229000000	-1.22388200000000e-05
580.888045000000	-1.08877800000000e-05
580.895862000000	-9.13937900000000e-06
580.903679000000	-7.54992200000000e-06
580.911496000000	-6.11941000000000e-06
580.919312000000	-4.68889900000000e-06
580.927129000000	-3.33786000000000e-06
580.934946000000	-1.74840300000000e-06
580.942763000000	0
580.950579000000	1.74840300000000e-06
580.958396000000	3.33786000000000e-06
580.966213000000	4.68889900000000e-06
580.974030000000	6.11941000000000e-06
580.981846000000	7.15255700000000e-06
580.989663000000	8.10623200000000e-06
580.997480000000	8.98043300000000e-06
581.005297000000	1.00930500000000e-05
581.013113000000	1.10467300000000e-05
581.020930000000	1.16030400000000e-05
581.028747000000	1.22388200000000e-05
581.036564000000	1.26361800000000e-05
581.044380000000	1.25567100000000e-05
581.052197000000	1.25567100000000e-05
581.060014000000	1.27951300000000e-05
581.067831000000	1.31130200000000e-05
581.075647000000	1.26361800000000e-05
581.083464000000	1.19209300000000e-05
581.091281000000	1.17619800000000e-05
581.099098000000	1.15235600000000e-05
581.106914000000	1.08877800000000e-05
581.114731000000	1.04109400000000e-05
581.122548000000	9.53674300000000e-06
581.130365000000	8.82148700000000e-06
581.138181000000	8.18570500000000e-06
581.145998000000	7.54992200000000e-06
581.153815000000	6.99361200000000e-06
581.161632000000	6.35782900000000e-06
581.169448000000	5.88099200000000e-06
581.177265000000	5.16573600000000e-06
581.185082000000	4.45048000000000e-06
581.192899000000	3.49680600000000e-06
581.200715000000	3.01996900000000e-06
581.208532000000	2.54313200000000e-06
581.216349000000	2.06629400000000e-06
581.224166000000	2.06629400000000e-06
581.231982000000	1.98682100000000e-06
581.239799000000	1.90734900000000e-06
581.247616000000	2.14576700000000e-06
581.255433000000	2.38418600000000e-06
581.263249000000	2.14576700000000e-06
581.271066000000	1.98682100000000e-06
581.278883000000	2.14576700000000e-06
581.286700000000	2.38418600000000e-06
581.294516000000	2.46365900000000e-06
581.302333000000	2.62260400000000e-06
581.310150000000	2.46365900000000e-06
581.317967000000	2.70207700000000e-06
581.325783000000	2.86102300000000e-06
581.333600000000	2.86102300000000e-06
581.341417000000	2.78155000000000e-06
581.349234000000	2.78155000000000e-06
581.357050000000	2.86102300000000e-06
581.364867000000	2.54313200000000e-06
581.372684000000	1.98682100000000e-06
581.380501000000	1.74840300000000e-06
581.388317000000	1.66893000000000e-06
581.396134000000	1.11262000000000e-06
581.403951000000	3.17891400000000e-07
581.411768000000	7.94728600000000e-08
581.419584000000	-3.17891400000000e-07
581.427401000000	-1.11262000000000e-06
581.435218000000	-1.74840300000000e-06
581.443035000000	-2.78155000000000e-06
581.450851000000	-3.65575200000000e-06
581.458668000000	-4.68889900000000e-06
581.466485000000	-5.32468200000000e-06
581.474302000000	-6.03993700000000e-06
581.482118000000	-6.91413900000000e-06
581.489935000000	-7.94728600000000e-06
581.497752000000	-8.90096000000000e-06
581.505569000000	-9.69568900000000e-06
581.513385000000	-1.04904200000000e-05
581.521202000000	-1.15235600000000e-05
581.529019000000	-1.27156600000000e-05
581.536836000000	-1.35103900000000e-05
581.544652000000	-1.40667000000000e-05
581.552469000000	-1.47819500000000e-05
581.560286000000	-1.52587900000000e-05
581.568103000000	-1.55766800000000e-05
581.575919000000	-1.57356300000000e-05
581.583736000000	-1.62124600000000e-05
581.591553000000	-1.58151000000000e-05
581.599370000000	-1.57356300000000e-05
581.607186000000	-1.59740400000000e-05
581.615003000000	-1.53382600000000e-05
581.622820000000	-1.49409000000000e-05
581.630637000000	-1.45435300000000e-05
581.638453000000	-1.41461700000000e-05
581.646270000000	-1.36693300000000e-05
581.654087000000	-1.30335500000000e-05
581.661904000000	-1.23182900000000e-05
581.669720000000	-1.13646200000000e-05
581.677537000000	-1.03314700000000e-05
581.685354000000	-9.45727000000000e-06
581.693171000000	-8.66254200000000e-06
581.700987000000	-7.94728600000000e-06
581.708804000000	-7.31150300000000e-06
581.716621000000	-6.51677400000000e-06
581.724438000000	-5.88099200000000e-06
581.732254000000	-5.48362700000000e-06
581.740071000000	-4.84784400000000e-06
581.747888000000	-4.13258900000000e-06
581.755705000000	-3.65575200000000e-06
581.763521000000	-3.49680600000000e-06
581.771338000000	-3.73522400000000e-06
581.779155000000	-3.41733300000000e-06
581.786972000000	-3.25838700000000e-06
581.794788000000	-3.17891400000000e-06
581.802605000000	-3.49680600000000e-06
581.810422000000	-3.41733300000000e-06
581.818239000000	-3.57627900000000e-06
581.826055000000	-3.97364300000000e-06
581.833872000000	-4.76837200000000e-06
581.841689000000	-5.00679000000000e-06
581.849506000000	-5.48362700000000e-06
581.857322000000	-6.03993700000000e-06
581.865139000000	-6.67572000000000e-06
581.872956000000	-7.15255700000000e-06
581.880773000000	-7.94728600000000e-06
581.888589000000	-8.90096000000000e-06
581.896406000000	-9.37779700000000e-06
581.904223000000	-9.93410700000000e-06
581.912040000000	-1.04904200000000e-05
581.919856000000	-1.08877800000000e-05
581.927673000000	-1.12056700000000e-05
581.935490000000	-1.13646200000000e-05
581.943307000000	-1.12056700000000e-05
581.951123000000	-1.12056700000000e-05
581.958940000000	-1.11262000000000e-05
581.966757000000	-1.11262000000000e-05
581.974574000000	-1.08877800000000e-05
581.982390000000	-1.05698900000000e-05
581.990207000000	-1.04109400000000e-05
581.998024000000	-9.53674300000000e-06
582.005841000000	-8.66254200000000e-06
582.013657000000	-7.86781300000000e-06
582.021474000000	-7.07308500000000e-06
582.029291000000	-6.19888300000000e-06
582.037108000000	-5.56310000000000e-06
582.044924000000	-4.37100700000000e-06
582.052741000000	-3.25838700000000e-06
582.060558000000	-2.38418600000000e-06
582.068375000000	-1.58945700000000e-06
582.076191000000	-1.03314700000000e-06
582.084008000000	-2.38418600000000e-07
582.091825000000	6.35782900000000e-07
582.099642000000	1.43051100000000e-06
582.107458000000	2.54313200000000e-06
582.115275000000	3.33786000000000e-06
582.123092000000	4.29153400000000e-06
582.130909000000	5.00679000000000e-06
582.138725000000	5.48362700000000e-06
582.146542000000	5.64257300000000e-06
582.154359000000	6.03993700000000e-06
582.162176000000	6.19888300000000e-06
582.169992000000	6.19888300000000e-06
582.177809000000	6.19888300000000e-06
582.185626000000	5.88099200000000e-06
582.193443000000	6.19888300000000e-06
582.201259000000	6.11941000000000e-06
582.209076000000	5.72204600000000e-06
582.216893000000	5.24520900000000e-06
582.224710000000	4.84784400000000e-06
582.232526000000	4.84784400000000e-06
582.240343000000	4.21206200000000e-06
582.248160000000	3.65575200000000e-06
582.255977000000	3.17891400000000e-06
582.263793000000	2.54313200000000e-06
582.271610000000	2.22524000000000e-06
582.279427000000	2.06629400000000e-06
582.287244000000	1.82787600000000e-06
582.295060000000	1.19209300000000e-06
582.302877000000	7.15255700000000e-07
582.310694000000	1.58945700000000e-07
582.318511000000	0
582.326327000000	-7.94728600000000e-08
582.334144000000	-3.97364300000000e-07
582.341961000000	-7.94728600000000e-07
582.349778000000	-7.15255700000000e-07
582.357594000000	-5.56310000000000e-07
582.365411000000	-6.35782900000000e-07
582.373228000000	-4.76837200000000e-07
582.381045000000	-6.35782900000000e-07
582.388861000000	-4.76837200000000e-07
582.396678000000	-7.94728600000000e-08
582.404495000000	0
582.412312000000	3.97364300000000e-07
582.420128000000	7.15255700000000e-07
582.427945000000	6.35782900000000e-07
582.435762000000	7.15255700000000e-07
582.443579000000	1.03314700000000e-06
582.451395000000	1.35103900000000e-06
582.459212000000	1.27156600000000e-06
582.467029000000	1.43051100000000e-06
582.474846000000	1.43051100000000e-06
582.482662000000	1.27156600000000e-06
582.490479000000	1.35103900000000e-06
582.498296000000	1.27156600000000e-06
582.506113000000	9.53674300000000e-07
582.513929000000	7.15255700000000e-07
582.521746000000	1.58945700000000e-07
582.529563000000	-5.56310000000000e-07
582.537380000000	-1.43051100000000e-06
582.545196000000	-2.06629400000000e-06
582.553013000000	-2.38418600000000e-06
582.560830000000	-3.01996900000000e-06
582.568647000000	-3.65575200000000e-06
582.576463000000	-4.45048000000000e-06
582.584280000000	-5.08626300000000e-06
582.592097000000	-5.72204600000000e-06
582.599914000000	-6.51677400000000e-06
582.607730000000	-7.54992200000000e-06
582.615547000000	-7.86781300000000e-06
582.623364000000	-7.94728600000000e-06
582.631181000000	-8.90096000000000e-06
582.638997000000	-9.53674300000000e-06
582.646814000000	-9.85463500000000e-06
582.654631000000	-1.03314700000000e-05
582.662448000000	-1.06493600000000e-05
582.670264000000	-1.12851500000000e-05
582.678081000000	-1.16825100000000e-05
582.685898000000	-1.17619800000000e-05
582.693715000000	-1.19209300000000e-05
582.701531000000	-1.23182900000000e-05
582.709348000000	-1.26361800000000e-05
582.717165000000	-1.24772400000000e-05
582.724982000000	-1.22388200000000e-05
582.732798000000	-1.20798700000000e-05
582.740615000000	-1.17619800000000e-05
582.748432000000	-1.11262000000000e-05
582.756249000000	-1.08083100000000e-05
582.764065000000	-1.08083100000000e-05
582.771882000000	-1.04904200000000e-05
582.779699000000	-1.04904200000000e-05
582.787516000000	-1.00135800000000e-05
582.795333000000	-9.21885200000000e-06
582.803149000000	-8.50359600000000e-06
582.810966000000	-8.10623200000000e-06
582.818783000000	-7.94728600000000e-06
582.826600000000	-7.62939500000000e-06
582.834416000000	-7.31150300000000e-06
582.842233000000	-7.31150300000000e-06
582.850050000000	-6.75519300000000e-06
582.857867000000	-6.11941000000000e-06
582.865683000000	-5.96046400000000e-06
582.873500000000	-6.19888300000000e-06
582.881317000000	-5.88099200000000e-06
582.889134000000	-5.72204600000000e-06
582.896950000000	-5.40415400000000e-06
582.904767000000	-5.24520900000000e-06
582.912584000000	-5.72204600000000e-06
582.920401000000	-5.24520900000000e-06
582.928217000000	-5.08626300000000e-06
582.936034000000	-5.08626300000000e-06
582.943851000000	-5.64257300000000e-06
582.951668000000	-6.11941000000000e-06
582.959484000000	-5.96046400000000e-06
582.967301000000	-6.27835600000000e-06
582.975118000000	-6.35782900000000e-06
582.982935000000	-6.51677400000000e-06
582.990751000000	-6.19888300000000e-06
582.998568000000	-6.19888300000000e-06
583.006385000000	-6.59624700000000e-06
583.014202000000	-6.67572000000000e-06
583.022018000000	-6.75519300000000e-06
583.029835000000	-7.15255700000000e-06
583.037652000000	-7.47044900000000e-06
583.045469000000	-7.15255700000000e-06
583.053285000000	-7.31150300000000e-06
583.061102000000	-7.31150300000000e-06
583.068919000000	-7.78834000000000e-06
583.076736000000	-7.39097600000000e-06
583.084552000000	-6.91413900000000e-06
583.092369000000	-6.67572000000000e-06
583.100186000000	-6.99361200000000e-06
583.108003000000	-7.15255700000000e-06
583.115819000000	-6.99361200000000e-06
583.123636000000	-6.75519300000000e-06
583.131453000000	-6.75519300000000e-06
583.139270000000	-6.67572000000000e-06
583.147086000000	-6.43730200000000e-06
583.154903000000	-6.11941000000000e-06
583.162720000000	-5.96046400000000e-06
583.170537000000	-5.24520900000000e-06
583.178353000000	-4.92731700000000e-06
583.186170000000	-4.37100700000000e-06
583.193987000000	-3.97364300000000e-06
583.201804000000	-3.65575200000000e-06
583.209620000000	-2.94049600000000e-06
583.217437000000	-2.46365900000000e-06
583.225254000000	-2.06629400000000e-06
583.233071000000	-1.43051100000000e-06
583.240887000000	-1.27156600000000e-06
583.248704000000	-7.15255700000000e-07
583.256521000000	-5.56310000000000e-07
583.264338000000	-4.76837200000000e-07
583.272154000000	2.38418600000000e-07
583.279971000000	7.94728600000000e-08
583.287788000000	0
583.295605000000	-7.94728600000000e-08
583.303421000000	-1.58945700000000e-07
583.311238000000	-7.94728600000000e-08
583.319055000000	0
583.326872000000	7.94728600000000e-08
583.334688000000	2.38418600000000e-07
583.342505000000	4.76837200000000e-07
583.350322000000	4.76837200000000e-07
583.358139000000	7.94728600000000e-07
583.365955000000	9.53674300000000e-07
583.373772000000	5.56310000000000e-07
583.381589000000	3.97364300000000e-07
583.389406000000	3.17891400000000e-07
583.397222000000	1.58945700000000e-07
583.405039000000	0
583.412856000000	-1.58945700000000e-07
583.420673000000	-7.94728600000000e-08
583.428489000000	2.38418600000000e-07
583.436306000000	1.58945700000000e-07
583.444123000000	3.97364300000000e-07
583.451940000000	4.76837200000000e-07
583.459756000000	7.94728600000000e-08
583.467573000000	3.97364300000000e-07
583.475390000000	3.97364300000000e-07
583.483207000000	1.58945700000000e-07
583.491023000000	1.58945700000000e-07
583.498840000000	-7.94728600000000e-08
583.506657000000	-7.94728600000000e-07
583.514474000000	-1.19209300000000e-06
583.522290000000	-1.27156600000000e-06
583.530107000000	-1.50998400000000e-06
583.537924000000	-1.27156600000000e-06
583.545741000000	-1.03314700000000e-06
583.553557000000	-1.19209300000000e-06
583.561374000000	-1.35103900000000e-06
583.569191000000	-1.19209300000000e-06
583.577008000000	-1.27156600000000e-06
583.584824000000	-1.50998400000000e-06
583.592641000000	-1.82787600000000e-06
583.600458000000	-2.14576700000000e-06
583.608275000000	-2.14576700000000e-06
583.616091000000	-1.98682100000000e-06
583.623908000000	-2.38418600000000e-06
583.631725000000	-2.78155000000000e-06
583.639542000000	-3.01996900000000e-06
583.647358000000	-3.09944200000000e-06
583.655175000000	-3.25838700000000e-06
583.662992000000	-3.81469700000000e-06
583.670809000000	-3.97364300000000e-06
583.678625000000	-4.21206200000000e-06
583.686442000000	-4.05311600000000e-06
583.694259000000	-3.97364300000000e-06
583.702076000000	-4.45048000000000e-06
583.709892000000	-4.60942600000000e-06
583.717709000000	-4.76837200000000e-06
583.725526000000	-4.84784400000000e-06
583.733343000000	-5.24520900000000e-06
583.741159000000	-5.40415400000000e-06
583.748976000000	-5.48362700000000e-06
583.756793000000	-5.56310000000000e-06
583.764610000000	-5.72204600000000e-06
583.772426000000	-5.80151900000000e-06
583.780243000000	-5.72204600000000e-06
583.788060000000	-6.03993700000000e-06
583.795877000000	-6.27835600000000e-06
583.803693000000	-6.59624700000000e-06
583.811510000000	-6.11941000000000e-06
583.819327000000	-5.32468200000000e-06
583.827144000000	-5.48362700000000e-06
583.834960000000	-5.40415400000000e-06
583.842777000000	-5.00679000000000e-06
583.850594000000	-4.92731700000000e-06
583.858411000000	-5.08626300000000e-06
583.866227000000	-5.48362700000000e-06
583.874044000000	-5.40415400000000e-06
583.881861000000	-4.92731700000000e-06
583.889678000000	-4.76837200000000e-06
583.897494000000	-4.76837200000000e-06
583.905311000000	-4.60942600000000e-06
583.913128000000	-4.29153400000000e-06
583.920945000000	-4.29153400000000e-06
583.928761000000	-4.21206200000000e-06
583.936578000000	-4.13258900000000e-06
583.944395000000	-4.68889900000000e-06
583.952212000000	-4.76837200000000e-06
583.960028000000	-4.60942600000000e-06
583.967845000000	-4.21206200000000e-06
583.975662000000	-4.21206200000000e-06
583.983479000000	-4.52995300000000e-06
583.991295000000	-4.29153400000000e-06
583.999112000000	-4.37100700000000e-06
584.006929000000	-4.52995300000000e-06
584.014746000000	-4.68889900000000e-06
584.022562000000	-5.16573600000000e-06
584.030379000000	-5.40415400000000e-06
584.038196000000	-5.40415400000000e-06
584.046013000000	-5.80151900000000e-06
584.053829000000	-6.51677400000000e-06
584.061646000000	-6.67572000000000e-06
584.069463000000	-6.99361200000000e-06
584.077280000000	-7.15255700000000e-06
584.085096000000	-7.15255700000000e-06
584.092913000000	-7.54992200000000e-06
584.100730000000	-7.54992200000000e-06
584.108547000000	-7.86781300000000e-06
584.116363000000	-7.94728600000000e-06
584.124180000000	-7.78834000000000e-06
584.131997000000	-8.10623200000000e-06
584.139814000000	-8.50359600000000e-06
584.147630000000	-8.42412300000000e-06
584.155447000000	-8.50359600000000e-06
584.163264000000	-8.34465000000000e-06
584.171081000000	-8.02675900000000e-06
584.178897000000	-8.10623200000000e-06
584.186714000000	-8.42412300000000e-06
584.194531000000	-8.18570500000000e-06
584.202348000000	-7.86781300000000e-06
584.210164000000	-7.62939500000000e-06
584.217981000000	-7.39097600000000e-06
584.225798000000	-6.99361200000000e-06
584.233615000000	-6.27835600000000e-06
584.241431000000	-6.27835600000000e-06
584.249248000000	-5.96046400000000e-06
584.257065000000	-5.32468200000000e-06
584.264882000000	-5.16573600000000e-06
584.272698000000	-5.00679000000000e-06
584.280515000000	-4.68889900000000e-06
584.288332000000	-4.37100700000000e-06
584.296149000000	-4.13258900000000e-06
584.303965000000	-3.97364300000000e-06
584.311782000000	-4.21206200000000e-06
584.319599000000	-4.05311600000000e-06
584.327416000000	-4.37100700000000e-06
584.335232000000	-3.89417000000000e-06
584.343049000000	-3.57627900000000e-06
584.350866000000	-3.65575200000000e-06
584.358683000000	-3.65575200000000e-06
584.366499000000	-3.49680600000000e-06
584.374316000000	-3.41733300000000e-06
584.382133000000	-3.57627900000000e-06
584.389950000000	-3.57627900000000e-06
584.397766000000	-3.65575200000000e-06
584.405583000000	-3.57627900000000e-06
584.413400000000	-3.73522400000000e-06
584.421217000000	-4.21206200000000e-06
584.429033000000	-4.45048000000000e-06
584.436850000000	-4.37100700000000e-06
584.444667000000	-4.29153400000000e-06
584.452484000000	-4.52995300000000e-06
584.460300000000	-4.84784400000000e-06
584.468117000000	-4.92731700000000e-06
584.475934000000	-4.84784400000000e-06
584.483751000000	-4.84784400000000e-06
584.491567000000	-4.92731700000000e-06
584.499384000000	-5.40415400000000e-06
584.507201000000	-5.32468200000000e-06
584.515018000000	-5.16573600000000e-06
584.522834000000	-5.24520900000000e-06
584.530651000000	-5.32468200000000e-06
584.538468000000	-5.08626300000000e-06
584.546285000000	-5.08626300000000e-06
584.554101000000	-4.76837200000000e-06
584.561918000000	-4.52995300000000e-06
584.569735000000	-4.60942600000000e-06
584.577552000000	-4.29153400000000e-06
584.585368000000	-3.81469700000000e-06
584.593185000000	-3.57627900000000e-06
584.601002000000	-3.33786000000000e-06
584.608819000000	-3.09944200000000e-06
584.616635000000	-2.70207700000000e-06
584.624452000000	-2.62260400000000e-06
584.632269000000	-2.14576700000000e-06
584.640086000000	-1.98682100000000e-06
584.647902000000	-1.66893000000000e-06
584.655719000000	-1.35103900000000e-06
584.663536000000	-7.94728600000000e-07
584.671353000000	0
584.679169000000	1.19209300000000e-06
584.686986000000	1.50998400000000e-06
584.694803000000	1.98682100000000e-06
584.702620000000	2.14576700000000e-06
584.710436000000	2.86102300000000e-06
584.718253000000	3.17891400000000e-06
584.726070000000	3.33786000000000e-06
584.733887000000	4.13258900000000e-06
584.741703000000	4.68889900000000e-06
584.749520000000	4.60942600000000e-06
584.757337000000	4.68889900000000e-06
584.765154000000	5.16573600000000e-06
584.772970000000	5.32468200000000e-06
584.780787000000	5.16573600000000e-06
584.788604000000	5.32468200000000e-06
584.796421000000	5.40415400000000e-06
584.804237000000	5.24520900000000e-06
584.812054000000	5.08626300000000e-06
584.819871000000	4.60942600000000e-06
584.827688000000	4.21206200000000e-06
584.835504000000	3.73522400000000e-06
584.843321000000	3.49680600000000e-06
584.851138000000	3.17891400000000e-06
584.858955000000	2.62260400000000e-06
584.866771000000	2.14576700000000e-06
584.874588000000	1.74840300000000e-06
584.882405000000	1.03314700000000e-06
584.890222000000	7.94728600000000e-07
584.898038000000	1.58945700000000e-07
584.905855000000	-4.76837200000000e-07
584.913672000000	-1.19209300000000e-06
584.921489000000	-1.43051100000000e-06
584.929305000000	-1.82787600000000e-06
584.937122000000	-2.14576700000000e-06
584.944939000000	-2.78155000000000e-06
584.952756000000	-3.01996900000000e-06
584.960572000000	-3.49680600000000e-06
584.968389000000	-4.60942600000000e-06
584.976206000000	-5.00679000000000e-06
584.984023000000	-5.24520900000000e-06
584.991839000000	-5.32468200000000e-06
584.999656000000	-5.48362700000000e-06
585.007473000000	-5.80151900000000e-06
585.015290000000	-5.56310000000000e-06
585.023106000000	-5.64257300000000e-06
585.030923000000	-6.03993700000000e-06
585.038740000000	-6.03993700000000e-06
585.046557000000	-5.88099200000000e-06
585.054373000000	-5.48362700000000e-06
585.062190000000	-5.16573600000000e-06
585.070007000000	-4.84784400000000e-06
585.077824000000	-4.76837200000000e-06
585.085640000000	-4.37100700000000e-06
585.093457000000	-3.81469700000000e-06
585.101274000000	-3.41733300000000e-06
585.109091000000	-3.25838700000000e-06
585.116907000000	-3.25838700000000e-06
585.124724000000	-2.78155000000000e-06
585.132541000000	-2.46365900000000e-06
585.140358000000	-2.78155000000000e-06
585.148174000000	-2.38418600000000e-06
585.155991000000	-2.30471300000000e-06
585.163808000000	-2.14576700000000e-06
585.171625000000	-1.82787600000000e-06
585.179441000000	-1.90734900000000e-06
585.187258000000	-1.82787600000000e-06
585.195075000000	-1.74840300000000e-06
585.202892000000	-2.22524000000000e-06
585.210708000000	-2.54313200000000e-06
585.218525000000	-2.46365900000000e-06
585.226342000000	-2.14576700000000e-06
585.234159000000	-2.14576700000000e-06
585.241975000000	-2.46365900000000e-06
585.249792000000	-2.86102300000000e-06
585.257609000000	-3.01996900000000e-06
585.265426000000	-3.25838700000000e-06
585.273242000000	-3.73522400000000e-06
585.281059000000	-3.97364300000000e-06
585.288876000000	-4.45048000000000e-06
585.296693000000	-4.92731700000000e-06
585.304509000000	-5.24520900000000e-06
585.312326000000	-5.72204600000000e-06
585.320143000000	-6.03993700000000e-06
585.327960000000	-6.35782900000000e-06
585.335776000000	-6.67572000000000e-06
585.343593000000	-7.15255700000000e-06
585.351410000000	-7.07308500000000e-06
585.359227000000	-7.70886700000000e-06
585.367043000000	-7.86781300000000e-06
585.374860000000	-8.50359600000000e-06
585.382677000000	-8.50359600000000e-06
585.390494000000	-8.34465000000000e-06
585.398310000000	-8.26517700000000e-06
585.406127000000	-8.42412300000000e-06
585.413944000000	-8.34465000000000e-06
585.421761000000	-8.34465000000000e-06
585.429577000000	-8.26517700000000e-06
585.437394000000	-8.50359600000000e-06
585.445211000000	-8.26517700000000e-06
585.453028000000	-7.78834000000000e-06
585.460844000000	-7.70886700000000e-06
585.468661000000	-7.54992200000000e-06
585.476478000000	-7.31150300000000e-06
585.484295000000	-7.15255700000000e-06
585.492111000000	-6.99361200000000e-06
585.499928000000	-6.27835600000000e-06
585.507745000000	-5.80151900000000e-06
585.515562000000	-5.32468200000000e-06
585.523378000000	-4.92731700000000e-06
585.531195000000	-4.60942600000000e-06
585.539012000000	-3.97364300000000e-06
585.546829000000	-3.25838700000000e-06
585.554645000000	-3.01996900000000e-06
585.562462000000	-2.86102300000000e-06
585.570279000000	-2.38418600000000e-06
585.578096000000	-1.66893000000000e-06
585.585912000000	-1.50998400000000e-06
585.593729000000	-1.43051100000000e-06
585.601546000000	-1.11262000000000e-06
585.609363000000	-6.35782900000000e-07
585.617179000000	-7.94728600000000e-07
585.624996000000	-7.94728600000000e-07
585.632813000000	-7.15255700000000e-07
585.640630000000	-5.56310000000000e-07
585.648446000000	7.94728600000000e-08
585.656263000000	-1.58945700000000e-07
585.664080000000	-2.38418600000000e-07
585.671897000000	4.76837200000000e-07
585.679713000000	5.56310000000000e-07
585.687530000000	-7.94728600000000e-08
585.695347000000	-3.97364300000000e-07
585.703164000000	2.38418600000000e-07
585.710980000000	7.94728600000000e-07
585.718797000000	7.94728600000000e-07
585.726614000000	6.35782900000000e-07
585.734431000000	1.11262000000000e-06
585.742247000000	1.98682100000000e-06
585.750064000000	2.22524000000000e-06
585.757881000000	1.98682100000000e-06
585.765698000000	1.82787600000000e-06
585.773514000000	1.98682100000000e-06
585.781331000000	1.90734900000000e-06
585.789148000000	1.27156600000000e-06
585.796965000000	1.03314700000000e-06
585.804781000000	1.66893000000000e-06
585.812598000000	2.38418600000000e-06
585.820415000000	2.38418600000000e-06
585.828232000000	2.14576700000000e-06
585.836048000000	2.38418600000000e-06
585.843865000000	2.22524000000000e-06
585.851682000000	2.06629400000000e-06
585.859499000000	1.66893000000000e-06
585.867315000000	1.50998400000000e-06
585.875132000000	1.35103900000000e-06
585.882949000000	7.94728600000000e-07
585.890766000000	5.56310000000000e-07
585.898582000000	1.58945700000000e-07
585.906399000000	-4.76837200000000e-07
585.914216000000	-1.11262000000000e-06
585.922033000000	-1.43051100000000e-06
585.929849000000	-1.43051100000000e-06
585.937666000000	-1.90734900000000e-06
585.945483000000	-2.46365900000000e-06
585.953300000000	-2.94049600000000e-06
585.961116000000	-2.86102300000000e-06
585.968933000000	-3.09944200000000e-06
585.976750000000	-3.73522400000000e-06
585.984567000000	-4.13258900000000e-06
585.992383000000	-4.05311600000000e-06