360.000334000000	2.28236100000000e-07
360.005492000000	2.24386700000000e-07
360.010650000000	2.20785500000000e-07
360.015809000000	2.17929500000000e-07
360.020967000000	2.15073400000000e-07
360.026125000000	2.13086600000000e-07
360.031284000000	2.11224000000000e-07
360.036442000000	2.09858000000000e-07
360.041601000000	2.09733800000000e-07
360.046759000000	2.11099800000000e-07
360.051917000000	2.12589900000000e-07
360.057076000000	2.14700900000000e-07
360.062234000000	2.17432800000000e-07
360.067392000000	2.20413000000000e-07
360.072551000000	2.24138300000000e-07
360.077709000000	2.27366900000000e-07
360.082868000000	2.31340500000000e-07
360.088026000000	2.35686700000000e-07
360.093184000000	2.40281200000000e-07
360.098343000000	2.44130700000000e-07
360.103501000000	2.48601000000000e-07
360.108659000000	2.52202200000000e-07
360.113818000000	2.55306600000000e-07
360.118976000000	2.58286800000000e-07
360.124135000000	2.61391200000000e-07
360.129293000000	2.64123100000000e-07
360.134451000000	2.67103300000000e-07
360.139610000000	2.70083500000000e-07
360.144768000000	2.73188000000000e-07
360.149926000000	2.76913200000000e-07
360.155085000000	2.80886900000000e-07
360.160243000000	2.85108900000000e-07
360.165401000000	2.87964900000000e-07
360.170560000000	2.90821000000000e-07
360.175718000000	2.93801200000000e-07
360.180877000000	2.96533100000000e-07
360.186035000000	2.98395800000000e-07
360.191193000000	3.00010000000000e-07
360.196352000000	3.01748500000000e-07
360.201510000000	3.02617700000000e-07
360.206668000000	3.02617700000000e-07
360.211827000000	3.02493600000000e-07
360.216985000000	3.02493600000000e-07
360.222144000000	3.02493600000000e-07
360.227302000000	3.03735300000000e-07
360.232460000000	3.04728700000000e-07
360.237619000000	3.07212300000000e-07
360.242777000000	3.10068300000000e-07
360.247935000000	3.12800200000000e-07
360.253094000000	3.16277100000000e-07
360.258252000000	3.20002400000000e-07
360.263411000000	3.22734300000000e-07
360.268569000000	3.25466200000000e-07
360.273727000000	3.27453000000000e-07
360.278886000000	3.29812400000000e-07
360.284044000000	3.31426700000000e-07
360.289202000000	3.32295900000000e-07
360.294361000000	3.33910200000000e-07
360.299519000000	3.36021200000000e-07
360.304678000000	3.36890400000000e-07
360.309836000000	3.38008000000000e-07
360.314994000000	3.38628900000000e-07
360.320153000000	3.40243200000000e-07
360.325311000000	3.40988200000000e-07
360.330469000000	3.42478400000000e-07
360.335628000000	3.43223400000000e-07
360.340786000000	3.43223400000000e-07
360.345945000000	3.43595900000000e-07
360.351103000000	3.43844300000000e-07
360.356261000000	3.43347600000000e-07
360.361420000000	3.43099200000000e-07
360.366578000000	3.43223400000000e-07
360.371736000000	3.43471800000000e-07
360.376895000000	3.44837700000000e-07
360.382053000000	3.45334400000000e-07
360.387212000000	3.47445400000000e-07
360.392370000000	3.49680600000000e-07
360.397528000000	3.51915800000000e-07
360.402687000000	3.53778400000000e-07
360.407845000000	3.55268500000000e-07
360.413003000000	3.57379500000000e-07
360.418162000000	3.57627900000000e-07
360.423320000000	3.58497100000000e-07
360.428479000000	3.58621300000000e-07
360.433637000000	3.58248800000000e-07
360.438795000000	3.58000400000000e-07
360.443954000000	3.56261900000000e-07
360.449112000000	3.55641000000000e-07
360.454270000000	3.54026800000000e-07
360.459429000000	3.52660800000000e-07
360.464587000000	3.50425600000000e-07
360.469745000000	3.49059700000000e-07
360.474904000000	3.46824500000000e-07
360.480062000000	3.44713500000000e-07
360.485221000000	3.42850900000000e-07
360.490379000000	3.41733300000000e-07
360.495537000000	3.40367400000000e-07
360.500696000000	3.40119000000000e-07
360.505854000000	3.41112400000000e-07
360.511012000000	3.42478400000000e-07
360.516171000000	3.44092600000000e-07
360.521329000000	3.46948700000000e-07
360.526488000000	3.49928900000000e-07
360.531646000000	3.53281700000000e-07
360.536804000000	3.55020200000000e-07
360.541963000000	3.57627900000000e-07
360.547121000000	3.58372900000000e-07
360.552279000000	3.58993800000000e-07
360.557438000000	3.58621300000000e-07
360.562596000000	3.57876200000000e-07
360.567755000000	3.55889400000000e-07
360.572913000000	3.54647600000000e-07
360.578071000000	3.53902600000000e-07
360.583230000000	3.52536600000000e-07
360.588388000000	3.52039900000000e-07
360.593546000000	3.52412500000000e-07
360.598705000000	3.53654200000000e-07
360.603863000000	3.56261900000000e-07
360.609022000000	3.58993800000000e-07
360.614180000000	3.61974000000000e-07
360.619338000000	3.66071900000000e-07
360.624497000000	3.69921300000000e-07
360.629655000000	3.73770800000000e-07
360.634813000000	3.76751000000000e-07
360.639972000000	3.80228000000000e-07
360.645130000000	3.84077400000000e-07
360.650289000000	3.87430200000000e-07
360.655447000000	3.91652200000000e-07
360.660605000000	3.94632400000000e-07
360.665764000000	3.98109400000000e-07
360.670922000000	4.00220400000000e-07
360.676080000000	4.01958800000000e-07
360.681239000000	4.02828100000000e-07
360.686397000000	4.02703900000000e-07
360.691556000000	4.02083000000000e-07
360.696714000000	4.00592900000000e-07
360.701872000000	3.97861000000000e-07
360.707031000000	3.94011500000000e-07
360.712189000000	3.89417000000000e-07
360.717347000000	3.84077400000000e-07
360.722506000000	3.78489500000000e-07
360.727664000000	3.71038900000000e-07
360.732822000000	3.64209200000000e-07
360.737981000000	3.56386100000000e-07
360.743139000000	3.48314600000000e-07
360.748298000000	3.39373900000000e-07
360.753456000000	3.30930000000000e-07
360.758614000000	3.21865100000000e-07
360.763773000000	3.11682600000000e-07
360.768931000000	3.00258400000000e-07
360.774089000000	2.88461600000000e-07
360.779248000000	2.75795700000000e-07
360.784406000000	2.64247300000000e-07
360.789565000000	2.52202200000000e-07
360.794723000000	2.41150500000000e-07
360.799881000000	2.31216400000000e-07
360.805040000000	2.22399800000000e-07
360.810198000000	2.13583300000000e-07
360.815356000000	2.07498700000000e-07
360.820515000000	2.01662400000000e-07
360.825673000000	1.96447000000000e-07
360.830832000000	1.93218400000000e-07
360.835990000000	1.89989800000000e-07
360.841148000000	1.87009600000000e-07
360.846307000000	1.84029300000000e-07
360.851465000000	1.80428200000000e-07
360.856623000000	1.77572200000000e-07
360.861782000000	1.74219400000000e-07
360.866940000000	1.71363400000000e-07
360.872099000000	1.68010600000000e-07
360.877257000000	1.65278700000000e-07
360.882415000000	1.62795200000000e-07
360.887574000000	1.59815000000000e-07
360.892732000000	1.58324800000000e-07
360.897890000000	1.55965500000000e-07
360.903049000000	1.54227000000000e-07
360.908207000000	1.53233600000000e-07
360.913366000000	1.52985300000000e-07
360.918524000000	1.53233600000000e-07
360.923682000000	1.54599500000000e-07
360.928841000000	1.55841300000000e-07
360.933999000000	1.58200700000000e-07
360.939157000000	1.59815000000000e-07
360.944316000000	1.62050100000000e-07
360.949474000000	1.64409500000000e-07
360.954633000000	1.66396300000000e-07
360.959791000000	1.68383100000000e-07
360.964949000000	1.71487500000000e-07
360.970108000000	1.74095200000000e-07
360.975266000000	1.77448000000000e-07
360.980424000000	1.80552400000000e-07
360.985583000000	1.84526000000000e-07
360.990741000000	1.88872200000000e-07
360.995900000000	1.93590900000000e-07
361.001058000000	1.98185400000000e-07
361.006216000000	2.03276700000000e-07
361.011375000000	2.08864600000000e-07
361.016533000000	2.14949300000000e-07
361.021691000000	2.19792100000000e-07
361.026850000000	2.25876800000000e-07
361.032008000000	2.30098800000000e-07
361.037166000000	2.34072400000000e-07
361.042325000000	2.36555900000000e-07
361.047483000000	2.38170200000000e-07
361.052642000000	2.39536200000000e-07
361.057800000000	2.39908700000000e-07
361.062958000000	2.39536200000000e-07
361.068117000000	2.38542800000000e-07
361.073275000000	2.36680100000000e-07
361.078433000000	2.34444900000000e-07
361.083592000000	2.32458100000000e-07
361.088750000000	2.30347100000000e-07
361.093909000000	2.28981200000000e-07
361.099067000000	2.26870200000000e-07
361.104225000000	2.26870200000000e-07
361.109384000000	2.26746000000000e-07
361.114542000000	2.27739400000000e-07
361.119700000000	2.30098800000000e-07
361.124859000000	2.32830600000000e-07
361.130017000000	2.36431800000000e-07
361.135176000000	2.40032900000000e-07
361.140334000000	2.44627400000000e-07
361.145492000000	2.49097700000000e-07
361.150651000000	2.52698900000000e-07
361.155809000000	2.56672500000000e-07
361.160967000000	2.60894500000000e-07
361.166126000000	2.64619800000000e-07
361.171284000000	2.67848400000000e-07
361.176443000000	2.72567100000000e-07
361.181601000000	2.76540700000000e-07
361.186759000000	2.80017700000000e-07
361.191918000000	2.84860500000000e-07
361.197076000000	2.89827600000000e-07
361.202234000000	2.94794600000000e-07
361.207393000000	3.01251800000000e-07
361.212551000000	3.09571600000000e-07
361.217710000000	3.19505700000000e-07
361.222868000000	3.29936500000000e-07
361.228026000000	3.41981600000000e-07
361.233185000000	3.54399300000000e-07
361.238343000000	3.67810300000000e-07
361.243501000000	3.81966400000000e-07
361.248660000000	3.96619200000000e-07
361.253818000000	4.12265500000000e-07
361.258977000000	4.28284200000000e-07
361.264135000000	4.45917200000000e-07
361.269293000000	4.63922800000000e-07
361.274452000000	4.83046000000000e-07
361.279610000000	5.02417500000000e-07
361.284768000000	5.22037300000000e-07
361.289927000000	5.42774800000000e-07
361.295085000000	5.63015500000000e-07
361.300244000000	5.84373900000000e-07
361.305402000000	6.06601400000000e-07
361.310560000000	6.28953200000000e-07
361.315719000000	6.52919200000000e-07
361.320877000000	6.77009400000000e-07
361.326035000000	7.02465600000000e-07
361.331194000000	7.27921700000000e-07
361.336352000000	7.54743800000000e-07
361.341510000000	7.81565900000000e-07
361.346669000000	8.08884700000000e-07
361.351827000000	8.36079300000000e-07
361.356986000000	8.65509100000000e-07
361.362144000000	8.93945500000000e-07
361.367302000000	9.23251100000000e-07
361.372461000000	9.53922700000000e-07
361.377619000000	9.85339300000000e-07
361.382777000000	1.01712800000000e-06
361.387936000000	1.04866900000000e-06
361.393094000000	1.08070700000000e-06
361.398253000000	1.11286800000000e-06
361.403411000000	1.14515400000000e-06
361.408569000000	1.17632200000000e-06
361.413728000000	1.20811200000000e-06
361.418886000000	1.24027300000000e-06
361.424044000000	1.27280800000000e-06
361.429203000000	1.30596300000000e-06
361.434361000000	1.33949000000000e-06
361.439520000000	1.37314200000000e-06
361.444678000000	1.40679400000000e-06
361.449836000000	1.44131500000000e-06
361.454995000000	1.47633300000000e-06
361.460153000000	1.51159900000000e-06
361.465311000000	1.54711300000000e-06
361.470470000000	1.58349700000000e-06
361.475628000000	1.62037700000000e-06
361.480787000000	1.65763000000000e-06
361.485945000000	1.69463500000000e-06
361.491103000000	1.73139100000000e-06
361.496262000000	1.76827100000000e-06
361.501420000000	1.80465500000000e-06
361.506578000000	1.84103800000000e-06
361.511737000000	1.87754600000000e-06
361.516895000000	1.91405400000000e-06
361.522054000000	1.95081000000000e-06
361.527212000000	1.98806300000000e-06
361.532370000000	2.02631000000000e-06
361.537529000000	2.06530100000000e-06
361.542687000000	2.10503700000000e-06
361.547845000000	2.14527100000000e-06
361.553004000000	2.18562800000000e-06
361.558162000000	2.22635800000000e-06
361.563321000000	2.26510100000000e-06
361.568479000000	2.30446500000000e-06
361.573637000000	2.34320800000000e-06
361.578796000000	2.38120600000000e-06
361.583954000000	2.41883100000000e-06
361.589112000000	2.45558700000000e-06
361.594271000000	2.49321300000000e-06
361.599429000000	2.52972000000000e-06
361.604587000000	2.56622800000000e-06
361.609746000000	2.60199100000000e-06
361.614904000000	2.63713300000000e-06
361.620063000000	2.67314400000000e-06
361.625221000000	2.70828600000000e-06
361.630379000000	2.74442100000000e-06
361.635538000000	2.78130200000000e-06
361.640696000000	2.81743700000000e-06
361.645854000000	2.85481400000000e-06
361.651013000000	2.89144600000000e-06
361.656171000000	2.92783000000000e-06
361.661330000000	2.96421300000000e-06
361.666488000000	3.00010000000000e-06
361.671646000000	3.03487000000000e-06
361.676805000000	3.06988800000000e-06
361.681963000000	3.10416000000000e-06
361.687121000000	3.13719100000000e-06
361.692280000000	3.17171200000000e-06
361.697438000000	3.20586100000000e-06
361.702597000000	3.23926400000000e-06
361.707755000000	3.27192200000000e-06
361.712913000000	3.30458100000000e-06
361.718072000000	3.33599700000000e-06
361.723230000000	3.36679300000000e-06
361.728388000000	3.39734100000000e-06
361.733547000000	3.42639800000000e-06
361.738705000000	3.45495800000000e-06
361.743864000000	3.48202900000000e-06
361.749022000000	3.50885100000000e-06
361.754180000000	3.53418300000000e-06
361.759339000000	3.56013600000000e-06
361.764497000000	3.58410200000000e-06
361.769655000000	3.60918500000000e-06
361.774814000000	3.63414500000000e-06
361.779972000000	3.65860800000000e-06
361.785131000000	3.68195300000000e-06
361.790289000000	3.70517400000000e-06
361.795447000000	3.72752500000000e-06
361.800606000000	3.74764200000000e-06
361.805764000000	3.76552300000000e-06
361.810922000000	3.78067300000000e-06
361.816081000000	3.79247000000000e-06
361.821239000000	3.80141000000000e-06
361.826398000000	3.80675000000000e-06
361.831556000000	3.80799200000000e-06
361.836714000000	3.80625300000000e-06
361.841873000000	3.80128600000000e-06
361.847031000000	3.79160000000000e-06
361.852189000000	3.77744400000000e-06
361.857348000000	3.75981100000000e-06
361.862506000000	3.73659000000000e-06
361.867665000000	3.70716100000000e-06
361.872823000000	3.67338500000000e-06
361.877981000000	3.63439300000000e-06
361.883140000000	3.58981400000000e-06
361.888298000000	3.53840500000000e-06
361.893456000000	3.48116000000000e-06
361.898615000000	3.41658800000000e-06
361.903773000000	3.34618000000000e-06
361.908931000000	3.26695500000000e-06
361.914090000000	3.17879000000000e-06
361.919248000000	3.08218100000000e-06
361.924407000000	2.97625900000000e-06
361.929565000000	2.86040200000000e-06
361.934723000000	2.73486000000000e-06
361.939882000000	2.59963200000000e-06
361.945040000000	2.45484200000000e-06
361.950198000000	2.29974600000000e-06
361.955357000000	2.13434300000000e-06
361.960515000000	1.95838500000000e-06
361.965674000000	1.77174800000000e-06
361.970832000000	1.57343800000000e-06
361.975990000000	1.36320800000000e-06
361.981149000000	1.13993900000000e-06
361.986307000000	9.03507100000000e-07
361.991465000000	6.53664300000000e-07
361.996624000000	3.93142300000000e-07
362.001782000000	1.19085100000000e-07
362.006941000000	-1.67513900000000e-07
362.012099000000	-4.67275600000000e-07
362.017257000000	-7.79827400000000e-07
362.022416000000	-1.10566600000000e-06
362.027574000000	-1.44243200000000e-06
362.032732000000	-1.79087100000000e-06
362.037891000000	-2.15110700000000e-06
362.043049000000	-2.52189700000000e-06
362.048208000000	-2.90150400000000e-06
362.053366000000	-3.29054900000000e-06
362.058524000000	-3.68754100000000e-06
362.063683000000	-4.09272800000000e-06
362.068841000000	-4.50598700000000e-06
362.073999000000	-4.92222600000000e-06
362.079158000000	-5.34318400000000e-06
362.084316000000	-5.76786700000000e-06
362.089475000000	-6.19565400000000e-06
362.094633000000	-6.62592600000000e-06
362.099791000000	-7.05731400000000e-06
362.104950000000	-7.48845400000000e-06
362.110108000000	-7.91860100000000e-06
362.115266000000	-8.34614000000000e-06
362.120425000000	-8.76834000000000e-06
362.125583000000	-9.18644200000000e-06
362.130742000000	-9.59796200000000e-06
362.135900000000	-1.00016600000000e-05
362.141058000000	-1.03969100000000e-05
362.146217000000	-1.07811100000000e-05
362.151375000000	-1.11535200000000e-05
362.156533000000	-1.15120200000000e-05
362.161692000000	-1.18581000000000e-05
362.166850000000	-1.21874100000000e-05
362.172009000000	-1.25034400000000e-05
362.177167000000	-1.28014600000000e-05
362.182325000000	-1.30773800000000e-05
362.187484000000	-1.33339300000000e-05
362.192642000000	-1.35691200000000e-05
362.197800000000	-1.37815900000000e-05
362.202959000000	-1.39700900000000e-05
362.208117000000	-1.41335000000000e-05
362.213275000000	-1.42701000000000e-05
362.218434000000	-1.43795000000000e-05
362.223592000000	-1.44598400000000e-05
362.228751000000	-1.45121200000000e-05
362.233909000000	-1.45349700000000e-05
362.239067000000	-1.45262700000000e-05
362.244226000000	-1.44882700000000e-05
362.249384000000	-1.44184900000000e-05
362.254542000000	-1.43172800000000e-05
362.259701000000	-1.41839200000000e-05
362.264859000000	-1.40171500000000e-05
362.270018000000	-1.38176000000000e-05
362.275176000000	-1.35855100000000e-05
362.280334000000	-1.33208900000000e-05
362.285493000000	-1.30228700000000e-05
362.290651000000	-1.26929300000000e-05
362.295809000000	-1.23310800000000e-05
362.300968000000	-1.19384400000000e-05
362.306126000000	-1.15141300000000e-05
362.311285000000	-1.10608800000000e-05
362.316443000000	-1.05785800000000e-05
362.321601000000	-1.00682200000000e-05
362.326760000000	-9.53165200000000e-06
362.331918000000	-8.96987800000000e-06
362.337076000000	-8.38513200000000e-06
362.342235000000	-7.77840600000000e-06
362.347393000000	-7.15081900000000e-06
362.352552000000	-6.50348800000000e-06
362.357710000000	-5.83057600000000e-06
362.362868000000	-5.14090100000000e-06
362.368027000000	-4.44638200000000e-06
362.373185000000	-3.74068800000000e-06
362.378343000000	-3.02468700000000e-06
362.383502000000	-2.29788300000000e-06
362.388660000000	-1.56884400000000e-06
362.393819000000	-8.35831000000000e-07
362.398977000000	-1.01452100000000e-07
362.404135000000	6.33671900000000e-07
362.409294000000	1.36494600000000e-06
362.414452000000	2.09212300000000e-06
362.419610000000	2.81122800000000e-06
362.424769000000	3.52102000000000e-06
362.429927000000	4.21938800000000e-06
362.435086000000	4.90260600000000e-06
362.440244000000	5.57030200000000e-06
362.445402000000	6.21924800000000e-06
362.450561000000	6.84733200000000e-06
362.455719000000	7.45356100000000e-06
362.460877000000	8.03619600000000e-06
362.466036000000	8.59225800000000e-06
362.471194000000	9.12224300000000e-06
362.476352000000	9.62317000000000e-06
362.481511000000	1.00944200000000e-05
362.486669000000	1.05346200000000e-05
362.491828000000	1.09414300000000e-05
362.496986000000	1.13153200000000e-05
362.502144000000	1.16543200000000e-05
362.507303000000	1.19564400000000e-05
362.512461000000	1.22219300000000e-05
362.517619000000	1.24504200000000e-05
362.522778000000	1.26407800000000e-05
362.527936000000	1.27943900000000e-05
362.533095000000	1.29095000000000e-05
362.538253000000	1.29872300000000e-05
362.543411000000	1.30282100000000e-05
362.548570000000	1.30316900000000e-05
362.553728000000	1.29989000000000e-05
362.558886000000	1.29301100000000e-05
362.564045000000	1.28264200000000e-05
362.569203000000	1.26888400000000e-05
362.574362000000	1.25176000000000e-05
362.579520000000	1.23160600000000e-05
362.584678000000	1.20838500000000e-05
362.589837000000	1.18237000000000e-05
362.594995000000	1.15369800000000e-05
362.600153000000	1.12261600000000e-05
362.605312000000	1.08930000000000e-05
362.610470000000	1.05398400000000e-05
362.615629000000	1.01688000000000e-05
362.620787000000	9.78273700000000e-06
362.625945000000	9.38313700000000e-06
362.631104000000	8.97323100000000e-06
362.636262000000	8.55314200000000e-06
362.641420000000	8.12523100000000e-06
362.646579000000	7.69421500000000e-06
362.651737000000	7.26083900000000e-06
362.656896000000	6.82659400000000e-06
362.662054000000	6.39421200000000e-06
362.667212000000	5.96419000000000e-06
362.672371000000	5.54136900000000e-06
362.677529000000	5.12488200000000e-06
362.682687000000	4.71783200000000e-06
362.687846000000	4.32158500000000e-06
362.693004000000	3.93750800000000e-06
362.698163000000	3.56696500000000e-06
362.703321000000	3.20983400000000e-06
362.708479000000	2.86897000000000e-06
362.713638000000	2.54673300000000e-06
362.718796000000	2.24262500000000e-06
362.723954000000	1.95875800000000e-06
362.729113000000	1.69401400000000e-06
362.734271000000	1.45137300000000e-06
362.739430000000	1.22860100000000e-06
362.744588000000	1.02706300000000e-06
362.749746000000	8.48248600000000e-07
362.754905000000	6.89427100000000e-07
362.760063000000	5.52088000000000e-07
362.765221000000	4.34865600000000e-07
362.770380000000	3.36766200000000e-07
362.775538000000	2.57790100000000e-07
362.780696000000	1.96695300000000e-07
362.785855000000	1.53854500000000e-07
362.791013000000	1.27404900000000e-07
362.796172000000	1.15856500000000e-07
362.801330000000	1.17719200000000e-07
362.806488000000	1.33241200000000e-07
362.811647000000	1.60684200000000e-07
362.816805000000	1.98309600000000e-07
362.821963000000	2.45869200000000e-07
362.827122000000	3.00879300000000e-07
362.832280000000	3.63464200000000e-07
362.837439000000	4.33375400000000e-07
362.842597000000	5.08377900000000e-07
362.847755000000	5.88844200000000e-07
362.852914000000	6.73532500000000e-07
362.858072000000	7.60455900000000e-07
362.863230000000	8.50235400000000e-07
362.868389000000	9.41380900000000e-07
362.873547000000	1.03240200000000e-06
362.878706000000	1.12379600000000e-06
362.883864000000	1.21370000000000e-06
362.889022000000	1.30087100000000e-06
362.894181000000	1.38493900000000e-06
362.899339000000	1.46453600000000e-06
362.904497000000	1.53891700000000e-06
362.909656000000	1.60709000000000e-06
362.914814000000	1.66694300000000e-06
362.919973000000	1.71947000000000e-06
362.925131000000	1.76181400000000e-06
362.930289000000	1.79559000000000e-06
362.935448000000	1.82005300000000e-06
362.940606000000	1.83296700000000e-06
362.945764000000	1.83656800000000e-06
362.950923000000	1.82936600000000e-06
362.956081000000	1.81223000000000e-06
362.961240000000	1.78379300000000e-06
362.966398000000	1.74703700000000e-06
362.971556000000	1.69922900000000e-06
362.976715000000	1.64322600000000e-06
362.981873000000	1.57803300000000e-06
362.987031000000	1.50439600000000e-06
362.992190000000	1.42343300000000e-06
362.997348000000	1.33390200000000e-06
363.002507000000	1.23642400000000e-06
363.007665000000	1.13161900000000e-06
363.012823000000	1.01961200000000e-06
363.017982000000	9.01520300000000e-07
363.023140000000	7.78709800000000e-07
363.028298000000	6.49690600000000e-07
363.033457000000	5.15331800000000e-07
363.038615000000	3.78117000000000e-07
363.043773000000	2.35562500000000e-07
363.048932000000	8.99036700000000e-08
363.054090000000	-5.92321200000000e-08
363.059249000000	-2.10478900000000e-07
363.064407000000	-3.63464200000000e-07
363.069565000000	-5.17939500000000e-07
363.074724000000	-6.73160000000000e-07
363.079882000000	-8.28752900000000e-07
363.085040000000	-9.83104100000000e-07
363.090199000000	-1.13596500000000e-06
363.095357000000	-1.28448000000000e-06
363.100516000000	-1.42939400000000e-06
363.105674000000	-1.56909200000000e-06
363.110832000000	-1.70307900000000e-06
363.115991000000	-1.82874500000000e-06
363.121149000000	-1.94683700000000e-06
363.126307000000	-2.05785000000000e-06
363.131466000000	-2.16029600000000e-06
363.136624000000	-2.25355200000000e-06
363.141783000000	-2.33774400000000e-06
363.146941000000	-2.41299500000000e-06
363.152099000000	-2.47905700000000e-06
363.157258000000	-2.53518400000000e-06
363.162416000000	-2.58224700000000e-06
363.167574000000	-2.61925200000000e-06
363.172733000000	-2.64793600000000e-06
363.177891000000	-2.66643900000000e-06
363.183050000000	-2.67612400000000e-06
363.188208000000	-2.67674500000000e-06
363.193366000000	-2.66706000000000e-06
363.198525000000	-2.64917800000000e-06
363.203683000000	-2.62123800000000e-06
363.208841000000	-2.58497900000000e-06
363.214000000000	-2.53977900000000e-06
363.219158000000	-2.48377500000000e-06
363.224317000000	-2.42044500000000e-06
363.229475000000	-2.34854700000000e-06
363.234633000000	-2.26882600000000e-06
363.239792000000	-2.18215100000000e-06
363.244950000000	-2.08802500000000e-06
363.250108000000	-1.98880800000000e-06
363.255267000000	-1.88462400000000e-06
363.260425000000	-1.77621800000000e-06
363.265584000000	-1.66359000000000e-06
363.270742000000	-1.54674100000000e-06
363.275900000000	-1.42715900000000e-06
363.281059000000	-1.30397600000000e-06
363.286217000000	-1.17744000000000e-06
363.291375000000	-1.04655800000000e-06
363.296534000000	-9.15055500000000e-07
363.301692000000	-7.80945000000000e-07
363.306851000000	-6.47828000000000e-07
363.312009000000	-5.12599900000000e-07
363.317167000000	-3.78737800000000e-07
363.322326000000	-2.46862600000000e-07
363.327484000000	-1.18215900000000e-07
363.332642000000	8.31981500000000e-09
363.337801000000	1.31254400000000e-07
363.342959000000	2.49346100000000e-07
363.348117000000	3.62719100000000e-07
363.353276000000	4.71621800000000e-07
363.358434000000	5.74439800000000e-07
363.363593000000	6.70428100000000e-07
363.368751000000	7.60952600000000e-07
363.373909000000	8.45268400000000e-07
363.379068000000	9.21761000000000e-07
363.384226000000	9.91672300000000e-07
363.389384000000	1.05487800000000e-06
363.394543000000	1.11026100000000e-06
363.399701000000	1.15893800000000e-06
363.404860000000	1.20066100000000e-06
363.410018000000	1.23567900000000e-06
363.415176000000	1.26374300000000e-06
363.420335000000	1.28522500000000e-06
363.425493000000	1.30025000000000e-06
363.430651000000	1.30981200000000e-06
363.435810000000	1.31304100000000e-06
363.440968000000	1.30956400000000e-06
363.446127000000	1.30000200000000e-06
363.451285000000	1.28510100000000e-06
363.456443000000	1.26349400000000e-06
363.461602000000	1.23679600000000e-06
363.466760000000	1.20500700000000e-06
363.471918000000	1.16862400000000e-06
363.477077000000	1.12677600000000e-06
363.482235000000	1.08207300000000e-06
363.487394000000	1.03513400000000e-06
363.492552000000	9.84718400000000e-07
363.497710000000	9.31819300000000e-07
363.502869000000	8.77926700000000e-07
363.508027000000	8.21923200000000e-07
363.513185000000	7.64677900000000e-07
363.518344000000	7.07556800000000e-07
363.523502000000	6.49566500000000e-07
363.528661000000	5.90955200000000e-07
363.533819000000	5.32468200000000e-07
363.538977000000	4.73360200000000e-07
363.544136000000	4.14376500000000e-07
363.549294000000	3.55641000000000e-07
363.554452000000	2.97402300000000e-07
363.559611000000	2.41150500000000e-07
363.564769000000	1.84774400000000e-07
363.569928000000	1.31006000000000e-07
363.575086000000	7.89761500000000e-08
363.580244000000	3.06715600000000e-08
363.585403000000	-1.60187500000000e-08
363.590561000000	-5.89837600000000e-08
363.595719000000	-9.74784300000000e-08
363.600878000000	-1.32620300000000e-07
363.606036000000	-1.64036900000000e-07
363.611195000000	-1.92225000000000e-07
363.616353000000	-2.15197600000000e-07
363.621511000000	-2.34817500000000e-07
363.626670000000	-2.49967000000000e-07
363.631828000000	-2.62384600000000e-07
363.636986000000	-2.70704400000000e-07
363.642145000000	-2.75795700000000e-07
363.647303000000	-2.76789100000000e-07
363.652461000000	-2.73436300000000e-07
363.657620000000	-2.66109900000000e-07
363.662778000000	-2.54561500000000e-07
363.667937000000	-2.40032900000000e-07
363.673095000000	-2.22648200000000e-07
363.678253000000	-2.02655800000000e-07
363.683412000000	-1.79807300000000e-07
363.688570000000	-1.54723700000000e-07
363.693728000000	-1.27653300000000e-07
363.698887000000	-9.74784300000000e-08
363.704045000000	-6.64343400000000e-08
363.709204000000	-3.20375000000000e-08
363.714362000000	3.97364300000000e-09
363.719520000000	4.07298400000000e-08
363.724679000000	8.02179200000000e-08
363.729837000000	1.19209300000000e-07
363.734995000000	1.59318200000000e-07
363.740154000000	2.00296400000000e-07
363.745312000000	2.41026300000000e-07
363.750471000000	2.81135200000000e-07
363.755629000000	3.21616700000000e-07
363.760787000000	3.60111400000000e-07
363.765946000000	3.97736800000000e-07
363.771104000000	4.33623800000000e-07
363.776262000000	4.67648100000000e-07
363.781421000000	5.00554800000000e-07
363.786579000000	5.30978000000000e-07
363.791738000000	5.60159500000000e-07
363.796896000000	5.87354100000000e-07
363.802054000000	6.11941000000000e-07
363.807213000000	6.36031200000000e-07
363.812371000000	6.57389600000000e-07
363.817529000000	6.76264400000000e-07
363.822688000000	6.92779800000000e-07
363.827846000000	7.06687600000000e-07
363.833005000000	7.18236000000000e-07
363.838163000000	7.26059100000000e-07
363.843321000000	7.32019500000000e-07
363.848480000000	7.33758000000000e-07
363.853638000000	7.33261300000000e-07
363.858796000000	7.29163500000000e-07
363.863955000000	7.22830500000000e-07
363.869113000000	7.13517300000000e-07
363.874272000000	7.02838100000000e-07
363.879430000000	6.88557800000000e-07
363.884588000000	6.72911600000000e-07
363.889747000000	6.56644500000000e-07
363.894905000000	6.39011500000000e-07
363.900063000000	6.19888300000000e-07
363.905222000000	5.99647600000000e-07
363.910380000000	5.79158500000000e-07
363.915538000000	5.58296800000000e-07
363.920697000000	5.36814300000000e-07
363.925855000000	5.15207600000000e-07
363.931014000000	4.91738300000000e-07
363.936172000000	4.68020600000000e-07
363.941330000000	4.44054600000000e-07
363.946489000000	4.18971000000000e-07
363.951647000000	3.93390700000000e-07
363.956805000000	3.67810300000000e-07
363.961964000000	3.42105800000000e-07
363.967122000000	3.16649700000000e-07
363.972281000000	2.91193500000000e-07
363.977439000000	2.67103300000000e-07
363.982597000000	2.43261500000000e-07
363.987756000000	2.22399800000000e-07
363.992914000000	2.02034900000000e-07
363.998072000000	1.83781000000000e-07
364.003231000000	1.68258900000000e-07
364.008389000000	1.54599500000000e-07
364.013548000000	1.43547900000000e-07
364.018706000000	1.34731300000000e-07
364.023864000000	1.28398300000000e-07
364.029023000000	1.23431300000000e-07
364.034181000000	1.21320300000000e-07
364.039339000000	1.20575200000000e-07
364.044498000000	1.21320300000000e-07
364.049656000000	1.25169800000000e-07
364.054815000000	1.29515900000000e-07
364.059973000000	1.36718200000000e-07
364.065131000000	1.46031400000000e-07
364.070290000000	1.57455600000000e-07
364.075448000000	1.70618300000000e-07
364.080606000000	1.85519500000000e-07
364.085765000000	2.01786600000000e-07
364.090923000000	2.19543800000000e-07
364.096082000000	2.38542800000000e-07
364.101240000000	2.58659300000000e-07
364.106398000000	2.79893500000000e-07
364.111557000000	3.01251800000000e-07
364.116715000000	3.23355200000000e-07
364.121873000000	3.46079500000000e-07
364.127032000000	3.68679600000000e-07
364.132190000000	3.91528000000000e-07
364.137349000000	4.15245700000000e-07
364.142507000000	4.38094100000000e-07
364.147665000000	4.61439300000000e-07
364.152824000000	4.86026200000000e-07
364.157982000000	5.10116400000000e-07
364.163140000000	5.34455000000000e-07
364.168299000000	5.58296800000000e-07
364.173457000000	5.81766200000000e-07
364.178616000000	6.04738800000000e-07
364.183774000000	6.24979500000000e-07
364.188932000000	6.44475200000000e-07
364.194091000000	6.61363200000000e-07
364.199249000000	6.75891800000000e-07
364.204407000000	6.88557800000000e-07
364.209566000000	6.98491900000000e-07
364.214724000000	7.05942500000000e-07
364.219882000000	7.11157900000000e-07
364.225041000000	7.13765600000000e-07
364.230199000000	7.13889800000000e-07
364.235358000000	7.11282100000000e-07
364.240516000000	7.07432600000000e-07
364.245674000000	6.99982000000000e-07
364.250833000000	6.91413900000000e-07
364.255991000000	6.79741300000000e-07
364.261149000000	6.66578600000000e-07
364.266308000000	6.51304900000000e-07
364.271466000000	6.34913600000000e-07
364.276625000000	6.16287200000000e-07
364.281783000000	5.98405800000000e-07
364.286941000000	5.79406800000000e-07
364.292100000000	5.60407800000000e-07
364.297258000000	5.41408900000000e-07
364.302416000000	5.22534100000000e-07
364.307575000000	5.03410900000000e-07
364.312733000000	4.84411900000000e-07
364.317892000000	4.64792100000000e-07
364.323050000000	4.44178800000000e-07
364.328208000000	4.23813900000000e-07
364.333367000000	4.02331400000000e-07
364.338525000000	3.81221400000000e-07
364.343683000000	3.60483900000000e-07
364.348842000000	3.39870700000000e-07
364.354000000000	3.20126600000000e-07
364.359159000000	3.01251800000000e-07
364.364317000000	2.83867100000000e-07
364.369475000000	2.67848400000000e-07
364.374634000000	2.52823000000000e-07
364.379792000000	2.38666900000000e-07
364.384950000000	2.26000900000000e-07
364.390109000000	2.15073400000000e-07
364.395267000000	2.04642600000000e-07
364.400426000000	1.95826100000000e-07
364.405584000000	1.88623900000000e-07
364.410742000000	1.83532600000000e-07
364.415901000000	1.80055700000000e-07
364.421059000000	1.78689800000000e-07
364.426217000000	1.78317200000000e-07
364.431376000000	1.79186500000000e-07
364.436534000000	1.81297500000000e-07
364.441693000000	1.85146900000000e-07
364.446851000000	1.90114000000000e-07
364.452009000000	1.95453600000000e-07
364.457168000000	2.01662400000000e-07
364.462326000000	2.08367900000000e-07
364.467484000000	2.15818500000000e-07
364.472643000000	2.23517400000000e-07
364.477801000000	2.31216400000000e-07
364.482960000000	2.40653800000000e-07
364.488118000000	2.49842800000000e-07
364.493276000000	2.59901100000000e-07
364.498435000000	2.70952800000000e-07
364.503593000000	2.82873700000000e-07
364.508751000000	2.94794600000000e-07
364.513910000000	3.07833200000000e-07
364.519068000000	3.21368400000000e-07
364.524226000000	3.35648700000000e-07
364.529385000000	3.49308100000000e-07
364.534543000000	3.62967500000000e-07
364.539702000000	3.76999400000000e-07
364.544860000000	3.89665400000000e-07
364.550018000000	4.01337900000000e-07
364.555177000000	4.12265500000000e-07
364.560335000000	4.21951200000000e-07
364.565493000000	4.31140300000000e-07
364.570652000000	4.37845800000000e-07
364.575810000000	4.43682100000000e-07
364.580969000000	4.47904100000000e-07
364.586127000000	4.50884300000000e-07
364.591285000000	4.52126100000000e-07
364.596444000000	4.52001900000000e-07
364.601602000000	4.50387600000000e-07
364.606760000000	4.47159000000000e-07
364.611919000000	4.43309500000000e-07
364.617077000000	4.39460100000000e-07
364.622236000000	4.34244700000000e-07
364.627394000000	4.28532600000000e-07
364.632552000000	4.23068800000000e-07
364.637711000000	4.16487500000000e-07
364.642869000000	4.10527000000000e-07
364.648027000000	4.03945600000000e-07
364.653186000000	3.97736800000000e-07
364.658344000000	3.92024700000000e-07
364.663503000000	3.86312600000000e-07
364.668661000000	3.80724700000000e-07
364.673819000000	3.74764200000000e-07
364.678978000000	3.67313600000000e-07
364.684136000000	3.59738900000000e-07
364.689294000000	3.52164100000000e-07
364.694453000000	3.41733300000000e-07
364.699611000000	3.31178300000000e-07
364.704770000000	3.20623300000000e-07
364.709928000000	3.09074900000000e-07
364.715086000000	2.97278200000000e-07
364.720245000000	2.84239600000000e-07
364.725403000000	2.73063800000000e-07
364.730561000000	2.60522000000000e-07
364.735720000000	2.47731800000000e-07
364.740878000000	2.35810900000000e-07
364.746037000000	2.23517400000000e-07
364.751195000000	2.11596500000000e-07
364.756353000000	2.00048100000000e-07
364.761512000000	1.88996400000000e-07
364.766670000000	1.80676600000000e-07
364.771828000000	1.71487500000000e-07
364.776987000000	1.63788600000000e-07
364.782145000000	1.57579800000000e-07
364.787303000000	1.51991800000000e-07
364.792462000000	1.48266600000000e-07
364.797620000000	1.44789600000000e-07
364.802779000000	1.41933600000000e-07
364.807937000000	1.39822600000000e-07
364.813095000000	1.39077500000000e-07
364.818254000000	1.38953300000000e-07
364.823412000000	1.39946700000000e-07
364.828570000000	1.41312700000000e-07
364.833729000000	1.43175300000000e-07
364.838887000000	1.45410500000000e-07
364.844046000000	1.48266600000000e-07
364.849204000000	1.50998400000000e-07
364.854362000000	1.53606100000000e-07
364.859521000000	1.56710500000000e-07
364.864679000000	1.60311700000000e-07
364.869837000000	1.64533700000000e-07
364.874996000000	1.69749100000000e-07
364.880154000000	1.76082100000000e-07
364.885313000000	1.83905200000000e-07
364.890471000000	1.91976600000000e-07
364.895629000000	2.01041500000000e-07
364.900788000000	2.10851400000000e-07
364.905946000000	2.20288800000000e-07
364.911104000000	2.31340500000000e-07
364.916263000000	2.41895500000000e-07
364.921421000000	2.52823000000000e-07
364.926580000000	2.64123100000000e-07
364.931738000000	2.75299000000000e-07
364.936896000000	2.86226500000000e-07
364.942055000000	2.96657300000000e-07
364.947213000000	3.08081500000000e-07
364.952371000000	3.18636500000000e-07
364.957530000000	3.29315700000000e-07
364.962688000000	3.38504700000000e-07
364.967847000000	3.47321200000000e-07
364.973005000000	3.55641000000000e-07
364.978163000000	3.62222400000000e-07
364.983322000000	3.67686200000000e-07
364.988480000000	3.72156500000000e-07
364.993638000000	3.74640000000000e-07
364.998797000000	3.76875200000000e-07
365.003955000000	3.78737800000000e-07
365.009114000000	3.80724700000000e-07
365.014272000000	3.82463100000000e-07
365.019430000000	3.84698300000000e-07
365.024589000000	3.86809300000000e-07
365.029747000000	3.90286200000000e-07
365.034905000000	3.93514800000000e-07
365.040064000000	3.97115900000000e-07
365.045222000000	4.01462100000000e-07
365.050381000000	4.06925900000000e-07
365.055539000000	4.12017100000000e-07
365.060697000000	4.17853400000000e-07
365.065856000000	4.23689700000000e-07
365.071014000000	4.29401800000000e-07
365.076172000000	4.35983100000000e-07
365.081331000000	4.41695300000000e-07
365.086489000000	4.46910700000000e-07
365.091647000000	4.51008500000000e-07
365.096806000000	4.54609600000000e-07
365.101964000000	4.56844800000000e-07
365.107123000000	4.57589800000000e-07
365.112281000000	4.57962400000000e-07
365.117439000000	4.57465600000000e-07
365.122598000000	4.56720600000000e-07
365.127756000000	4.55851400000000e-07
365.132914000000	4.54485400000000e-07
365.138073000000	4.54112900000000e-07
365.143231000000	4.53740400000000e-07
365.148390000000	4.53740400000000e-07
365.153548000000	4.53740400000000e-07
365.158706000000	4.54237100000000e-07
365.163865000000	4.55354700000000e-07
365.169023000000	4.56844800000000e-07
365.174181000000	4.58334900000000e-07
365.179340000000	4.60818400000000e-07
365.184498000000	4.63426100000000e-07
365.189657000000	4.66158000000000e-07
365.194815000000	4.68517300000000e-07
365.199973000000	4.71000900000000e-07
365.205132000000	4.72863500000000e-07
365.210290000000	4.74726200000000e-07
365.215448000000	4.76464600000000e-07
365.220607000000	4.78078900000000e-07
365.225765000000	4.79569000000000e-07
365.230924000000	4.80935000000000e-07
365.236082000000	4.81680000000000e-07
365.241240000000	4.82797600000000e-07
365.246399000000	4.84039400000000e-07
365.251557000000	4.84908600000000e-07
365.256715000000	4.85902000000000e-07
365.261874000000	4.86522900000000e-07
365.267032000000	4.86398700000000e-07
365.272191000000	4.86771300000000e-07
365.277349000000	4.87268000000000e-07
365.282507000000	4.87392100000000e-07
365.287666000000	4.87764700000000e-07
365.292824000000	4.87640500000000e-07
365.297982000000	4.87640500000000e-07
365.303141000000	4.87516300000000e-07
365.308299000000	4.87019600000000e-07
365.313458000000	4.87268000000000e-07
365.318616000000	4.87019600000000e-07
365.323774000000	4.87888900000000e-07
365.328933000000	4.89006400000000e-07
365.334091000000	4.90248200000000e-07
365.339249000000	4.91986700000000e-07
365.344408000000	4.93476800000000e-07
365.349566000000	4.94470200000000e-07
365.354724000000	4.94594400000000e-07
365.359883000000	4.94842700000000e-07
365.365041000000	4.93228400000000e-07
365.370200000000	4.92110800000000e-07
365.375358000000	4.89503100000000e-07
365.380516000000	4.86895400000000e-07
365.385675000000	4.83046000000000e-07
365.390833000000	4.80189900000000e-07
365.395991000000	4.76713000000000e-07
365.401150000000	4.73484400000000e-07
365.406308000000	4.69883300000000e-07
365.411467000000	4.65909600000000e-07
365.416625000000	4.62805200000000e-07
365.421783000000	4.59079900000000e-07
365.426942000000	4.55975500000000e-07
365.432100000000	4.53864500000000e-07
365.437258000000	4.52126100000000e-07
365.442417000000	4.51008500000000e-07
365.447575000000	4.50139200000000e-07
365.452734000000	4.50139200000000e-07
365.457892000000	4.50139200000000e-07
365.463050000000	4.50511800000000e-07
365.468209000000	4.50511800000000e-07
365.473367000000	4.50263400000000e-07
365.478525000000	4.50015100000000e-07
365.483684000000	4.49766700000000e-07
365.488842000000	4.48897500000000e-07
365.494001000000	4.48276600000000e-07
365.499159000000	4.46165600000000e-07
365.504317000000	4.43433700000000e-07
365.509476000000	4.38715000000000e-07
365.514634000000	4.33748000000000e-07
365.519792000000	4.27539100000000e-07
365.524951000000	4.21206200000000e-07
365.530109000000	4.14749000000000e-07
365.535268000000	4.09906100000000e-07
365.540426000000	4.04814900000000e-07
365.545584000000	4.00717100000000e-07
365.550743000000	3.96991800000000e-07
365.555901000000	3.95004900000000e-07
365.561059000000	3.92521400000000e-07
365.566218000000	3.90783000000000e-07
365.571376000000	3.89665400000000e-07
365.576535000000	3.88672000000000e-07
365.581693000000	3.88920300000000e-07
365.586851000000	3.87802700000000e-07
365.592010000000	3.87678500000000e-07
365.597168000000	3.87306000000000e-07
365.602326000000	3.86685100000000e-07
365.607485000000	3.84822500000000e-07
365.612643000000	3.82463100000000e-07
365.617802000000	3.78489500000000e-07
365.622960000000	3.75757600000000e-07
365.628118000000	3.71287300000000e-07
365.633277000000	3.67189400000000e-07
365.638435000000	3.62843300000000e-07
365.643593000000	3.59242200000000e-07
365.648752000000	3.55268500000000e-07
365.653910000000	3.51543200000000e-07
365.659068000000	3.47445400000000e-07
365.664227000000	3.44092600000000e-07
365.669385000000	3.39746500000000e-07
365.674544000000	3.36145400000000e-07
365.679702000000	3.32295900000000e-07
365.684860000000	3.28570600000000e-07
365.690019000000	3.24969500000000e-07
365.695177000000	3.21616700000000e-07
365.700335000000	3.19009000000000e-07
365.705494000000	3.16028800000000e-07
365.710652000000	3.14414500000000e-07
365.715811000000	3.13669400000000e-07
365.720969000000	3.14166100000000e-07
365.726127000000	3.15283700000000e-07
365.731286000000	3.17022200000000e-07
365.736444000000	3.18884800000000e-07
365.741602000000	3.21244200000000e-07
365.746761000000	3.22734300000000e-07
365.751919000000	3.23976100000000e-07
365.757078000000	3.24597000000000e-07
365.762236000000	3.24845300000000e-07
365.767394000000	3.24597000000000e-07
365.772553000000	3.23479400000000e-07
365.777711000000	3.22486000000000e-07
365.782869000000	3.21740900000000e-07
365.788028000000	3.20995800000000e-07
365.793186000000	3.20995800000000e-07
365.798345000000	3.20002400000000e-07
365.803503000000	3.19009000000000e-07
365.808661000000	3.18139800000000e-07
365.813820000000	3.16898000000000e-07
365.818978000000	3.16028800000000e-07
365.824136000000	3.13793600000000e-07
365.829295000000	3.12551900000000e-07
365.834453000000	3.10937600000000e-07
365.839612000000	3.08826600000000e-07
365.844770000000	3.06343000000000e-07
365.849928000000	3.04604600000000e-07
365.855087000000	3.01748500000000e-07
365.860245000000	2.98395800000000e-07
365.865403000000	2.94670500000000e-07
365.870562000000	2.90821000000000e-07
365.875720000000	2.87716600000000e-07
365.880879000000	2.84488000000000e-07
365.886037000000	2.81880300000000e-07
365.891195000000	2.79148400000000e-07
365.896354000000	2.76540700000000e-07
365.901512000000	2.75299000000000e-07
365.906670000000	2.72442900000000e-07
365.911829000000	2.70207700000000e-07
365.916987000000	2.67227500000000e-07
365.922146000000	2.63874700000000e-07
365.927304000000	2.60025300000000e-07
365.932462000000	2.55803300000000e-07
365.937621000000	2.52202200000000e-07
365.942779000000	2.46738400000000e-07
365.947937000000	2.42392200000000e-07
365.953096000000	2.37425200000000e-07
365.958254000000	2.33327300000000e-07
365.963412000000	2.28981200000000e-07
365.968571000000	2.24635000000000e-07
365.973729000000	2.20537200000000e-07
365.978888000000	2.14576700000000e-07
365.984046000000	2.09733800000000e-07
365.989204000000	2.03276700000000e-07
365.994363000000	1.96322800000000e-07
365.999521000000	1.89244700000000e-07
366.004679000000	1.82539200000000e-07
366.009838000000	1.75709500000000e-07
366.014996000000	1.68383100000000e-07
366.020155000000	1.62546800000000e-07
366.025313000000	1.57083100000000e-07
366.030471000000	1.52861100000000e-07
366.035630000000	1.49508300000000e-07
366.040788000000	1.47645700000000e-07
366.045946000000	1.47521500000000e-07
366.051105000000	1.48018200000000e-07
366.056263000000	1.50501700000000e-07
366.061422000000	1.53606100000000e-07
366.066580000000	1.56462200000000e-07
366.071738000000	1.60684200000000e-07
366.076897000000	1.65154500000000e-07
366.082055000000	1.70121600000000e-07
366.087213000000	1.75212800000000e-07
366.092372000000	1.80676600000000e-07
366.097530000000	1.87630500000000e-07
366.102689000000	1.94708500000000e-07
366.107847000000	2.02780000000000e-07
366.113005000000	2.10354700000000e-07
366.118164000000	2.17557000000000e-07
366.123322000000	2.25752600000000e-07
366.128480000000	2.32085600000000e-07
366.133639000000	2.38294400000000e-07
366.138797000000	2.43509800000000e-07
366.143956000000	2.48601000000000e-07
366.149114000000	2.52574700000000e-07
366.154272000000	2.57045000000000e-07
366.159431000000	2.60894500000000e-07
366.164589000000	2.63378000000000e-07
366.169747000000	2.66358300000000e-07
366.174906000000	2.69586800000000e-07
366.180064000000	2.71946200000000e-07
366.185223000000	2.75050600000000e-07
366.190381000000	2.78527500000000e-07
366.195539000000	2.82004500000000e-07
366.200698000000	2.86847400000000e-07
366.205856000000	2.92435300000000e-07
366.211014000000	2.98519900000000e-07
366.216173000000	3.05101300000000e-07
366.221331000000	3.11931000000000e-07
366.226489000000	3.19381600000000e-07
366.231648000000	3.26832100000000e-07
366.236806000000	3.33661800000000e-07
366.241965000000	3.40739900000000e-07
366.247123000000	3.47942100000000e-07
366.252281000000	3.54647600000000e-07
366.257440000000	3.62470700000000e-07
366.262598000000	3.68555400000000e-07
366.267756000000	3.76254300000000e-07
366.272915000000	3.82214800000000e-07
366.278073000000	3.87802700000000e-07
366.283232000000	3.93639000000000e-07
366.288390000000	3.99226900000000e-07
366.293548000000	4.03076400000000e-07
366.298707000000	4.05932500000000e-07
366.303865000000	4.08540200000000e-07
366.309023000000	4.10527000000000e-07
366.314182000000	4.11768800000000e-07
366.319340000000	4.11644600000000e-07
366.324499000000	4.10775300000000e-07
366.329657000000	4.08416000000000e-07
366.334815000000	4.05311600000000e-07
366.339974000000	4.00841200000000e-07
366.345132000000	3.96743400000000e-07
366.350290000000	3.91776400000000e-07
366.355449000000	3.87802700000000e-07
366.360607000000	3.83084000000000e-07
366.365766000000	3.78489500000000e-07
366.370924000000	3.74888400000000e-07
366.376082000000	3.71659800000000e-07
366.381241000000	3.68679600000000e-07
366.386399000000	3.65947700000000e-07
366.391557000000	3.63588300000000e-07
366.396716000000	3.61601500000000e-07
366.401874000000	3.59614700000000e-07
366.407033000000	3.57255300000000e-07
366.412191000000	3.54523500000000e-07
366.417349000000	3.51791600000000e-07
366.422508000000	3.49059700000000e-07
366.427666000000	3.45706900000000e-07
366.432824000000	3.41857500000000e-07
366.437983000000	3.38132200000000e-07
366.443141000000	3.35027800000000e-07
366.448300000000	3.31675000000000e-07
366.453458000000	3.30309100000000e-07
366.458616000000	3.30557400000000e-07
366.463775000000	3.33041000000000e-07
366.468933000000	3.37014600000000e-07
366.474091000000	3.43968500000000e-07
366.479250000000	3.50425600000000e-07
366.484408000000	3.58497100000000e-07
366.489567000000	3.67562000000000e-07
366.494725000000	3.76626800000000e-07